100110111000100000
100010011000100000
101110011000100000
100010111000100000
101100011000100000
101100011100010000
100100011000100000
101101111100001000
100110011000100000
100000011000100000
101100111100000100
110010011000000000
101100011110000010
101110011101000001
100100011110000010
111101111100000000
110100011000000000
110000011000000000
110010111000000000
101101111110000010
110110111000000000
111110011000000000
101100011000100001
001100011100010001
110000011000011000
110010111000011000
010110111000011111
100000011110000010
100000011000100100
101100111110000010
111101111100010000
001100011000100100
100010011000100100
101110011000100100
101101111100001010
101100111100000101
000100011110000110
101100011100010010
101110011101000101
100000000110000010
111101111100000010
100010011000100001
100010011000100101
100010011000100010
111100111100000000
101100111100000110
000100100110000010
000100000110000010
000000000110011011
111100011100000000
111100011000000000
110110011000000000
110010011000011000
110110011000011000
011100011000010000
001110111110000010
001011110110000010
111100011000001000
110100011000011000
010010011000011011
011110011000011011
010010111000011111
010010011000011111
011110011000011001
011110011000011101
010010111000011101
010010011000011001
010010011000011101
111110011000011000
010010011000000011
110010111000000111
111110011000000001
110010111000000101
110010011000000001
110010011000000101
111100011100100000
001100111100011100
010110011000000001
111100111110000000
110010011000011100
110010011000000100
111100111100000001
110000000110000000
111100011110000000
111101111110000000
011100111100000010
000100011000100001
101110011000100010
011010001110000000
001010001110000010
000101001110000010
011011000110000000
001011000110000010
010100100110000000
010100000110000000
110010011000000010
101110011000100001
100010111000100010
110000011110000000
011110111110000000
011011110110000000
011100011000001001
101100011000100010
111110011101000000
110100011110000000
111100011100001000
111100011000000010
010000011000000010
100000011000100001
011101010110000000
001101010110000010
100000011000100010
010001110110000000
001110011000100101
111100111100011000
011101111100000001
010110111000011000
000001110110000010
001101101110000010
001010101110000010
001100011100010101
001110110110000010
000100011110011011
000010101110000010
111101111100100000
000010100110000010
001001110110000010
001001100110000010
001100111100100100
001111011110000010
001101011110000010
000011001110000010
000101110110000010
000110000110000010
011101101110000000
010010100110000000
011001110110000000
001100011100010100
011001100110000000
010010101110000000
011010101110000000
010100011110000100
111110011000000101
111100011100001001
011110110110000000
001011100110000010
000101011110000010
001000100110000010
010010001110000000
010011001110000000
000010001110000010
011100011100000010
101100111100011110
010101011110000000
000000010110000010
