000000000111001001001010
000000000010011001011010
000000010100011000010100
000000000110100100100101
000000001001111101011010
111111111111010100100110
000000000000011000010010
000000000000011100010101
000000000101100101100101
000000001001011001001000
000000000101111101000110
111111111110101010011010
000000000000011100101111
111111110101101000010111
111111111111111101101011
000000000011011100101011
111111111111010100001101
000000000101000110101000
111111111100100110100111
000000000011100000100101
