00000000000000000010000010110111
00000000000000000010000010110111
10000000000000001000000010010011
10000000000000001000000010010011
10000000000000001000000010010011
00110000000000001001000001110011
00110000000000001001000001110011
00110000000000001001000001110011
00110000000000001001000001110011
00000000000000000000000010010111
00000000000000000000000010010111
00000000000000000000000010010111
00010010100000001000000010010011
00000000110001011000111001100011
00000000110001011000111001100011
00000000110001011000111001100011
00000000110101100101110001100011
00000000110101100101110001100011
00000000110101100101110001100011
00000000110101100101110001100011
00000000110101100101110001100011
00000000110101100101110001100011
00000000110101100101110001100011
10000000000000000000011100010111
00000000000001110010000000100011
00000000000001110010000000100011
00000000000001110010000000100011
00000000000001110010000000100011
00000000000001110010000000100011
00000000010001110000011100010011
11111111010111111111000001101111
11111111010111111111000001101111
11111111010111111111000001101111
11111111010111111111000001101111
11111111010111111111000001101111
11111111010111111111000001101111
00000000111101110101100001100011
00000000101101010100011110110011
00000000101101010100011110110011
00000000001101111111011110010011
00000000000001011010001110000011
00000000000001011010001110000011
00000000000001011010001110000011
00000000000001011010001110000011
00000000000001011010001110000011
00000000010001011010001010000011
00000000000000001000000001100111
00000000000000001000000001100111
00000000000000001000000001100111
00000000000000001000000001100111
00000000000000001000000001100111
00000000000000001000000001100111
00000000000001000000010100010011
00000000000000000000110000010011
00000000000000000000110000010011
00000000000000000000110010010011
00000000110101100101110001100011
00000000110101100101110001100011
00000000110101100101110001100011
00000000110101100101110001100011
00000000110101100101110001100011
00000000110101100101110001100011
00000000110101100101110001100011
00000000110101100101110001100011
00000000110101100101110001100011
00000000110101100101110001100011
00000000110101100101110001100011
00110100000001000001000001110011
00110000001000000000000001110011
00110000001000000000000001110011
00110000001000000000000001110011
00110000001000000000000001110011
00110000001000000000000001110011
00110000001000000000000001110011
00110000001000000000000001110011
00110000001000000000000001110011
00000000000001011010011100000011
00000000111001100010000000100011
00000000111001100010000000100011
00000000111001100010000000100011
00000000111001100010000000100011
00000000111001100010000000100011
00000000111001100010000000100011
00000000111001100010000000100011
00000000111001100010000000100011
00000000111001100010000000100011
00000000111001100010000000100011
00000000111001100010000000100011
00000000111001100010000000100011
00110100000001000001000001110011
00000110110000000000000011101111
00000110110000000000000011101111
00000110110000000000000011101111
00000110110000000000000011101111
00000110110000000000000011101111
00000110110000000000000011101111
00000000101101010100011110110011
11111111110001110010100000100011
11111111110001110010100000100011
11111111110001110010100000100011
11111111110001110010100000100011
11111111110001110010100000100011
11111110011001110010101000100011
00000000110000010010010000000011
00000000110000010010010000000011
00000000110000010010010000000011
00000000110000010010010000000011
00000000110000010010010000000011
00000001000000010000000100010011
10000000000000000000011000010111
10000000000000000000011000010111
11110111100001100000011000010011
11111110110111111111000001101111
11111110110111111111000001101111
11111110110111111111000001101111
11111110110111111111000001101111
11111110110111111111000001101111
11111110110111111111000001101111
11111110110111111111000001101111
11111110110111111111000001101111
11111110110111111111000001101111
11111110110111111111000001101111
11111110110111111111000001101111
00110100000001000001000001110011
00000000000000000010000010110111
00000000000000000010000010110111
10000000000000001000000010010011
00110000010100001001000001110011
00110000010100001001000001110011
00110000010100001001000001110011
00110000010000000001000001110011
11111111000101101100001011100011
11111111000101101100001011100011
11111111000101101100001011100011
00000000000101110000011100010011
11111111000101101100001011100011
11111111000101101100001011100011
11111111000101101100001011100011
11111111000101101100001011100011
11111111000101101100001011100011
11111111000101101100001011100011
00000000000001111010011000000011
00000000110000010010010000000011
00000000110000010010010000000011
00000000110000010010010000000011
00000000110000010010010000000011
00000000110000010010010000000011
00000001000000010000000100010011
10000000000000000000011000010111
10000000000000000000011000010111
11110111100001100000011000010011
00000000000000000010000010110111
00000000000000000010000010110111
10000000000000001000000010010011
00000000000001011010001110000011
00000000000001011010001110000011
00000000000001011010001110000011
00000000000001011010001110000011
00000000000001011010001110000011
00000000000001011010001110000011
00000000000001011010001110000011
00000000000001011010001110000011
00000000000001011010001110000011
00000000000001011010001110000011
00000000000001011010001110000011
00000000000001011010001110000011
00110100000001000001000001110011
00000001000001011010111010000011
00000001000001011010111010000011
00000001000001011010111010000011
00000001000001011010111010000011
00000001000001011010111010000011
00000001010001011010111000000011
00000000000000001000000011100111
00000000000000001000000011100111
00000000000000001000000011100111
00000000000000001000000011100111
00000000000000001000000011100111
00000000000000001000000011100111
00000000000000001000000011100111
00000000000000001000000011100111
00000000000000001000000011100111
00000000000000001000000011100111
00000000000000001000000011100111
00000000000000001000000011100111
00000000000000001000000011100111
00000000000000001000000011100111
00000000000000001000000011100111
00000000000000001000000011100111
00000000000000001000000011100111
00000000000000001000000011100111
00000000000000001000000011100111
00000000000000001000000011100111
00000000000000001000000011100111
00000000000000001000000011100111
00000000000000001000000011100111
00000000000000001000000011100111
00000000000000001000000011100111
00000000001101000111010000010011
00000010000000000000000001101111
00000010000000000000000001101111
00000010000000000000000001101111
00000010000000000000000001101111
00000010000000000000000001101111
00000010000000000000000001101111
11111111000101101100001011100011
00000000100101000101101001100011
00000000100101000101101001100011
00000000100101000101101001100011
00000000000001000010000010000011
00000000010001000000010000010011
00000000010001000000010000010011
11111111000111111111000001101111
00110100000001000001000001110011
00110100000001000001000001110011
00110100000001000001000001110011
00110100001000000010010001110011
00000111100000000000000011101111
00000111100000000000000011101111
00000111100000000000000011101111
00000111100000000000000011101111
00000111100000000000000011101111
00000111100000000000000011101111
00000111100000000000000011101111
11111111000000010000000100010011
00000000000000001000000001100111
00000000000000001000000001100111
00000000000000001000000001100111
00000000000000001000000001100111
00000000000000001000000001100111
00000000000000001000000001100111
00000000000000000010000010110111
11111111000001111010111000100011
11111111000001111010111000100011
11111111000001111010111000100011
11111111000001111010111000100011
11111111000001111010111000100011
11111111000001111010111000100011
11111111000001111010111000100011
11111111000001111010111000100011
11111111000001111010111000100011
11111111000001111010111000100011
11111111000001111010111000100011
11111111000001111010111000100011
11111111000001111010111000100011
11111111000001111010111000100011
11111111000001111010111000100011
11111111000001111010111000100011
11111111000001111010111000100011
11111111000001111010111000100011
11111111000001111010111000100011
11111111000001111010111000100011
11111111000001111010111000100011
11111111000001111010111000100011
11111111000001111010111000100011
11111111000001111010111000100011
11111111000001111010111000100011
11111111000001111010111000100011
11111111000001111010111000100011
11111111000001111010111000100011
11111111000001111010111000100011
00110100000001000001000001110011
00000000110101100101110001100011
00000000110101100101110001100011
00000000110101100101110001100011
00000000110101100101110001100011
00000000110101100101110001100011
00000000110101100101110001100011
00110100000001000001000001110011
00110000001000000000000001110011
00110000001000000000000001110011
00110000001000000000000001110011
00110000001000000000000001110011
00110000001000000000000001110011
00110000001000000000000001110011
00110000001000000000000001110011
00110000001000000000000001110011
00000000000000000010000010110111
00000000000000000000000000000000
00000000000000000000000000000000
00000000000000000000000000000000
00000000000000000000000000000000
00000000000000000000000000000000
00000000000000000000000000000000
00000000000000000000000000000000
00000000000000000000000000000000
00000000000000000000000000000000
00000000000000000000000000000000
00110100000001000001000001110011
00000001100000000000000011101111
00000001100000000000000011101111
00000001100000000000000011101111
00000001100000000000000011101111
00000001100000000000000011101111
00000001100000000000000011101111
00000001100000000000000011101111
00000000000000000000011100010011
00000000010001101000011010010011
00000000010001101000011010010011
11111111000001111010111000100011
00000000010001101000011010010011
00000000010001101000011010010011
11111111000001111010111000100011
11111111110000101111000110010011
11111111110000101111000110010011
00000000000000000000001100010011
00000000000000001000000011100111
00000000000000001000000011100111
00000000000000001000000011100111
00000000000000001000000011100111
00000000000000001000000011100111
00000000000000001000000011100111
00000000000000001000000011100111
00000000000000001000000011100111
00000000000000001000000011100111
00000000000000001000000011100111
00000000000000001000000011100111
00000000000000001000000011100111
00000000000000001000000011100111
00000000000000001000000011100111
00000000000000001000000011100111
00000000000000001000000011100111
00000000000000001000000011100111
00000000000000001000000011100111
00000000000000001000000011100111
00000000000000001000000011100111
00000000000000001000000011100111
00000000000000001000000011100111
00000000000000000000000000000000
00000000000000001000000001100111
00000000000000001000000001100111
00000000000000001000000001100111
00000000000000001000000001100111
00000000000000001000000001100111
00000000000000001000000001100111
00110100000001000001000001110011
00000000000000000000110010100100
00000000000000000000110010100100
00000000000000000000110010100100
00000000000000000000110010100100
00000000000000000000110010100100
00000000000000000000110010100100
00000000000000000000110010100100
00000000000000000000110010100100
00000000000000000000110010100100
00110100000001000001000001110011
00000000000000000100100110100000
00000000000000000100100110100000
00000000000000000100100110100000
00000000000000000100100110100000
00000000000000000100100110100000
00000000000000000100100110100000
00000000000000000100100110100000
00000000000000000100100110100000
00000000000000000100100110100000
00000000000000000100100110100000
00110100000001000001000001110011
00000000000000000000000000000000
00000000000000000000000000000000
00000000000000000000000000000000
00000000000000000000000000000000
00000000000000000000000000000000
00000000000000000000000000000000
00000000000000000000000000000000
00000000000000000000000000000000
00000000000000000000000000000000
00000000000000000000000000000000
00000000000000000000000000000000
00000000110010000101011001100011
00000000110010000101011001100011
00000000110010000101011001100011
00000000110010000101011001100011
00000000110010000101011001100011
00000000110010000101011001100011
00000000000101101000011010010011
11111111000101101100001011100011
11111111000101101100001011100011
11111111000101101100001011100011
00000000000101110000011100010011
01000000111001011000100010110011
01000000111001011000100010110011
00000010000000000000000001101111
00000000000001010000011110010011
00000000000001010000011110010011
00000000000000000000011010010011
01000000111001011000100010110011
01000000111001011000100010110011
00000010000000000000000001101111
11111111000101101100001011100011
11111111000101101100001011100011
11111111000101101100001011100011
00000000000101110000011100010011
00000000000000000111111011110111
00000000000000000111111011110111
00000000000000000111111011110111
00000000000000000111111011110111
00000000000000000111111011110111
00000000000000000111111011110111
00000000000000000111111011110111
00000000000000000111111011110111
00000000000000000111111011110111
00110100000001000001000001110011
00000000000000000001100101011110
00000000000000000001100101011110
00000000000000000001100101011110
00000000000000000001100101011110
00000000000000000001100101011110
00000000000000000001100101011110
00000000000000000001100101011110
00000000000000000001100101011110
00000000000000000001100101011110
00110100000001000001000001110011
00000000110001011000111001100011
00000000110001011000111001100011
00000000110001011000111001100011
00000000110101100101110001100011
11111110110101110000111110100011
11111110110101110000111110100011
11111110110101110000111110100011
11111110110101110000111110100011
11111110110101110000111110100011
11111110110101110000111110100011
00000000000101011000010110010011
10000000000000001000000010010011
10000000000000001000000010010011
00110000000000001001000001110011
00110000000000001001000001110011
00110000000000001001000001110011
00110000000000001001000001110011
00000000000000000000000010010111
00000000000000000000000010010111
00000000000000000000000010010111
00010010100000001000000010010011
00010010100000001000000010010011
00010010100000001000000010010011
00110000010100001001000001110011
00110000010100001001000001110011
00110000010100001001000001110011
00110000010100001001000001110011
00110000010000000001000001110011
00110000010000000001000001110011
00110000010000000001000001110011
00110000010000000001000001110011
10000000000000000010001000010111
10000000000000000010001000010111
10000000000000000010001000010111
11111110001100100000001000010011
11111110001100100000001000010011
11111110001100100000001000010011
11111111110000100111000100010011
00000000000000000000001100010011
00000000000000000000001100010011
00000000000000000000001110010011
00110000010000000001000001110011
00110000010000000001000001110011
00110000010000000001000001110011
10000000000000000010001000010111
10000000000000001000000010010011
10000000000000001000000010010011
00110000000000001001000001110011
00000000000000000000000010010111
00000000000000000000000010010111
00010010100000001000000010010011
00110000010100001001000001110011
00110000010100001001000001110011
00110000010100001001000001110011
00110000010000000001000001110011
10000000000000000010001000010111
10000000000000000010001000010111
11111110001100100000001000010011
11111111110000100111000100010011
11111111110000100111000100010011
10000000000000000000001010010111
00000000000000000000001100010011
00000000000000000000001100010011
00000000000000000000001110010011
00000000110010000101011001100011
00000000110010000101011001100011
00000000110010000101011001100011
00000000110010000101011001100011
00000000110010000101011001100011
00000000110010000101011001100011
00000001000001111010000000100011
00000000000000001000000001100111
00000000000000001000000001100111
00000000000000001000000001100111
00000000000000001000000001100111
00000000000000001000000001100111
00000000000000001000000001100111
00000000000000001000000001100111
00000000110000010010000010000011
00000000101101010100011110110011
00000000101101010100011110110011
00000000001101111111011110010011
00000000000000001000000011100111
00000000000000001000000011100111
00000000000000001000000011100111
00000000000000001000000011100111
00000000000000001000000011100111
00000000000000001000000011100111
00000000000000001000000011100111
00000000000000001000000011100111
00000000000000001000000011100111
00000000000000001000000011100111
00000000000000001000000011100111
00000000000000001000000011100111
00000000000000001000000011100111
00000000000000001000000011100111
00000000000000001000000011100111
00000000000000001000000011100111
00000000000000001000000011100111
00000000000000001000000011100111
00000000000000001000000011100111
00000000000000001000000011100111
00000000000000001000000011100111
00000000000000001000000011100111
00000000000000001000000011100111
00000000000000001000000011100111
00000000000000001000000011100111
00110100000001000001000001110011
00101001100001000000010000010011
00101001100001000000010000010011
00000000000000000000010010010111
00101001100001000000010000010011
00101001100001000000010000010011
00000000000000000000010010010111
00000000000000001000000001100111
00000000000000001000000001100111
00000000000000001000000001100111
00000000000000001000000001100111
00000000000000001000000001100111
00000000000000001000000001100111
00110000010000000001000001110011
00000000000000000000000000000000
00000000000000000000000000000000
00000000000000000000000000000000
00000000000000000000000000000000
00000000000000000000000000000000
00000000000000000000000000000000
00000000000000000000000000000000
00000000000000000000000000000000
00000000000000000000000000000000
00000000000000000000000000000000
00110100000001000001000001110011
00000000110101100101110001100011
00000000110101100101110001100011
00000000110101100101110001100011
00000000110101100101110001100011
00000000110101100101110001100011
00000000110101100101110001100011
00000000110101100101110001100011
00000000110101100101110001100011
00000000110101100101110001100011
00000000110101100101110001100011
00000000110101100101110001100011
00110100000001000001000001110011
00000001100000000000000011101111
00000001100000000000000011101111
00000001100000000000000011101111
00000001100000000000000011101111
00000001100000000000000011101111
00000001100000000000000011101111
00000001100000000000000011101111
00000001100000000000000011101111
00000001100000000000000011101111
00000001100000000000000011101111
00110100000001000001000001110011
00000000000000001000000011100111
00000000000000001000000011100111
00000000000000001000000011100111
00000000000000001000000011100111
00000000000000001000000011100111
00000000000000001000000011100111
00000000000000001000000011100111
00110100000001000001000001110011
11111110110101110010111000100011
11111110110101110010111000100011
11111110110101110010111000100011
11111110110101110010111000100011
11111110110101110010111000100011
00000010010001011000010110010011
00110100101000000010010001110011
00110100101000000010010001110011
00110100101000000010010001110011
00000000001101000111010000010011
00000000000000000000110101010001
00000000000000000000110101010001
00000000000000000000110101010001
00000000000000000000110101010001
00000000000000000000110101010001
00000000000000000000110101010001
00000000000000000000110101010001
00000000000000000000110101010001
00000000000000000000110101010001
00110100000001000001000001110011
00000000000000000000110101010001
00000000000000000000110101010001
00000000000000000000110101010001
00000000000000000000110101010001
00000000000000000000110101010001
00000000000000000000110101010001
00000000000000000000110101010001
00000000000000000000110101010001
00000000000000000000110101010001
00110100000001000001000001110011
00000000000000000001011010101001
00000000000000000001011010101001
00000000000000000001011010101001
00000000000000000001011010101001
00000000000000000001011010101001
00000000000000000001011010101001
00000000000000000001011010101001
00000000000000000001011010101001
00000000000000000001011010101001
00110100000001000001000001110011
00000000000000000111011011011000
00000000000000000111011011011000
00000000000000000111011011011000
00000000000000000111011011011000
00000000000000000111011011011000
00000000000000000111011011011000
00000000000000000111011011011000
00000000000000000111011011011000
00000000000000000111011011011000
00110100000001000001000001110011
00000000000000000111011011011000
00000000000000000111011011011000
00000000000000000111011011011000
00000000000000000111011011011000
00000000000000000111011011011000
00000000000000000111011011011000
00000000000000000111011011011000
00000000000000000111011011011000
00000000000000000111011011011000
00110100000001000001000001110011
00000000000000000000110010100100
00000000000000000000110010100100
00000000000000000000110010100100
00000000000000000000110010100100
00000000000000000000110010100100
00000000000000000000110010100100
00000000000000000000110010100100
00000000000000000000110010100100
00000000000000000000110010100100
00110100000001000001000001110011
00000000000000000100100110100000
00000000000000000100100110100000
00000000000000000100100110100000
00000000000000000100100110100000
00000000000000000100100110100000
00000000000000000100100110100000
00000000000000000100100110100000
00000000000000000100100110100000
00000000000000000100100110100000
00000000000000000100100110100000
00110100000001000001000001110011
00101001000001001000010010010011
00101001000001001000010010010011
00000000100101000101101001100011
00110100000100000010010001110011
00110100000100000010010001110011
00110100000100000010010001110011
00000000010001000000010000010011
00000000000000000000010010010111
00000000000000000000010010010111
00101001000001001000010010010011
00000000000001101010100000000011
00000000000001101010100000000011
00000000000001101010100000000011
00000000000001101010100000000011
00000000000001101010100000000011
00000000000001101010100000000011
00000000000001101010100000000011
00000000000001101010100000000011
00000000000001101010100000000011
00000000000001101010100000000011
00000000000001101010100000000011
00000000000001101010100000000011
00110100000001000001000001110011
00000000000000000111111011110111
00000000000000000111111011110111
00000000000000000111111011110111
00000000000000000111111011110111
00000000000000000111111011110111
00000000000000000111111011110111
00000000000000000111111011110111
00000000000000000111111011110111
00000000000000000111111011110111
00110100000001000001000001110011
00000000000000000001100101011110
00000000000000000001100101011110
00000000000000000001100101011110
00000000000000000001100101011110
00000000000000000001100101011110
00000000000000000001100101011110
00000000000000000001100101011110
00000000000000000001100101011110
00000000000000000001100101011110
00110100000001000001000001110011
00000000110001011000111001100011
00000000110001011000111001100011
00000000110001011000111001100011
00000000110101100101110001100011
00000010000001000001011001100011
00000010000001000001011001100011
00000010000001000001011001100011
00110100000100000010010001110011
00110000001000000000000001110011
00110000001000000000000001110011
00110000001000000000000001110011
00110000001000000000000001110011
00110000001000000000000001110011
00110000001000000000000001110011
00110000001000000000000001110011
00110000001000000000000001110011
10000000000000000000011000010111
00000000111001100010000000100011
00000000111001100010000000100011
00000000111001100010000000100011
00000000111001100010000000100011
00000000111001100010000000100011
00000000111001100010000000100011
00000000111001100010000000100011
00000000111001100010000000100011
00000000111001100010000000100011
00000000111001100010000000100011
00000000111001100010000000100011
00000000111001100010000000100011
00000000111001100010000000100011
00000000111001100010000000100011
00000000111001100010000000100011
00000000111001100010000000100011
00000000111001100010000000100011
00000000111001100010000000100011
00000000111001100010000000100011
00000000111001100010000000100011
00000000111001100010000000100011
00000000111001100010000000100011
00000000111001100010000000100011
00000000111001100010000000100011
00000000111001100010000000100011
00000000111001100010000000100011
00000000111001100010000000100011
00000000111001100010000000100011
00000000111001100010000000100011
00010000010100000000000001110011
00000001000101110110100001100011
00000001000101110110100001100011
00000001000101110110100001100011
00000001000101110110100001100011
00000001000101110110100001100011
00000001000101110110100001100011
00000001000101110110100001100011
11111111110001111111011110010011
00000000110101100101110001100011
00000000110101100101110001100011
00000000110101100101110001100011
00000000000001011010011100000011
00000000000001011010011100000011
00000000000001011010011100000011
00000000000001011010011100000011
00000000000001011010011100000011
00000000000001011010011100000011
00000000111001100010000000100011
00000001010001011010111000000011
00000001010001011010111000000011
00000001010001011010111000000011
00000001010001011010111000000011
00000001010001011010111000000011
00000001010001011010111000000011
00000001100001011010001100000011
00000000000000000010100111101010
00000000000000000010100111101010
00000000000000000010100111101010
00000000000000000010100111101010
00000000000000000010100111101010
00000000000000000010100111101010
00000000000000000010100111101010
00000000000000000010100111101010
00000000000000000010100111101010
00110100000001000001000001110011
00000000000000000010100111101010
00000000000000000010100111101010
00000000000000000010100111101010
00000000000000000010100111101010
00000000000000000010100111101010
00000000000000000010100111101010
00000000000000000010100111101010
00000000000000000010100111101010
00000000000000000010100111101010
00110100000001000001000001110011
00000000000001011010011100000011
00000000000001011010011100000011
00000000000001011010011100000011
00000000000001011010011100000011
00000000000001011010011100000011
00000000111001100010000000100011
00000000000000000011100000001110
00000000000000000011100000001110
00000000000000000011100000001110
00000000000000000011100000001110
00000000000000000011100000001110
00000000000000000011100000001110
00000000000000000011100000001110
00000000000000000011100000001110
00000000000000000011100000001110
00110100000001000001000001110011
00110100000101000001000001110011
00110100000101000001000001110011
00110100000101000001000001110011
00110100101000000010010001110011
00000000000000001000000001100111
00000000000000001000000001100111
00000000000000001000000001100111
00000000000000001000000001100111
00000000000000001000000001100111
00000000000000001000000001100111
00000000000000001000000001100111
00000000000000001000000001100111
00000110110000000000000011101111
00000110110000000000000011101111
00000110110000000000000011101111
00000110110000000000000011101111
00000110110000000000000011101111
00000110110000000000000011101111
00000000000001101010100000000011
10000000000000000000100100110111
10000000000000000000100100110111
00000010100000010010010000100011
00000000000000000000001010001110
00000000000000000000001010001110
00000000000000000000001010001110
00000000000000000000001010001110
00000000000000000000001010001110
00000000000000000000001010001110
00000000000000000000001010001110
00000000000000000000001010001110
00000000000000000000001010001110
00110100000001000001000001110011
00000000000000000000000001101101
00000000000000000000000001101101
00000000000000000000000001101101
00000000000000000000000001101101
00000000000000000000000001101101
00000000000000000000000001101101
00000000000000000000000001101101
00000000000000000000000001101101
00000000000000000000000001101101
00110100000001000001000001110011
00000000000000000000001101010101
00000000000000000000001101010101
00000000000000000000001101010101
00000000000000000000001101010101
00000000000000000000001101010101
00000000000000000000001101010101
00000000000000000000001101010101
00000000000000000000001101010101
00000000000000000000001101010101
00110100000001000001000001110011
11111101100010100001010011100011
11111101100010100001010011100011
11111101100010100001010011100011
11111101100010100001010011100011
11111101100010100001010011100011
11111101100010100001010011100011
11111101100010100001010011100011
00000000000001001010000000100011
00000000000000000000000011110110
00000000000000000000000011110110
00000000000000000000000011110110
00000000000000000000000011110110
00000000000000000000000011110110
00000000000000000000000011110110
00000000000000000000000011110110
00000000000000000000000011110110
00000000000000000000000011110110
00110100000001000001000001110011
11111110110101110000111110100011
11111110110101110000111110100011
11111110110101110000111110100011
11111110110101110000111110100011
11111110110101110000111110100011
11111110110101110000111110100011
11111110110101110000111110100011
11111110110101110000111110100011
11111110110101110000111110100011
11111110110101110000111110100011
11111110110101110000111110100011
11111110110101110000111110100011
11111110110101110000111110100011
11111110110101110000111110100011
11111110110101110000111110100011
11111110110101110000111110100011
11111110110101110000111110100011
11111110110101110000111110100011
11111110110101110000111110100011
11111110110101110000111110100011
11111110110101110000111110100011
11111110110101110000111110100011
11111110110101110000111110100011
11111110110101110000111110100011
11111110110101110000111110100011
11111110110101110000111110100011
11111110110101110000111110100011
11111110110101110000111110100011
11111110110101110000111110100011
11111110110101110000111110100011
11111110110101110000111110100011
00000000000000000000001100010101
00000000000000000000001100010101
00000000000000000000001100010101
00000000000000000000001100010101
00000000000000000000001100010101
00000000000000000000001100010101
00000000000000000000001100010101
00000000000000000000001100010101
00110100000001000001000001110011
11111111010111111111000001101111
11111111010111111111000001101111
11111111010111111111000001101111
11111111010111111111000001101111
11111111010111111111000001101111
11111111010111111111000001101111
00000000111101110101100001100011
00000000000000000000000010010100
00000000000000000000000010010100
00000000000000000000000010010100
00000000000000000000000010010100
00000000000000000000000010010100
00000000000000000000000010010100
00000000000000000000000010010100
00000000000000000000000010010100
00110100000001000001000001110011
00000000000000000000000001001110
00000000000000000000000001001110
00000000000000000000000001001110
00000000000000000000000001001110
00000000000000000000000001001110
00000000000000000000000001001110
00000000000000000000000001001110
00000000000000000000000001001110
00000000000000000000000001001110
00110100000001000001000001110011
00000000000000000000001011001100
00000000000000000000001011001100
00000000000000000000001011001100
00000000000000000000001011001100
00000000000000000000001011001100
00000000000000000000001011001100
00000000000000000000001011001100
00000000000000000000001011001100
00000000000000000000001011001100
00110100000001000001000001110011
00000000000000001000000011100111
00000000000000001000000011100111
00000000000000001000000011100111
00000000000000001000000011100111
00000000000000001000000011100111
00000000000000001000000011100111
00000000000000001000000011100111
00000000010001000000010000010011
00000000000000000000000101111011
00000000000000000000000101111011
00000000000000000000000101111011
00000000000000000000000101111011
00000000000000000000000101111011
00000000000000000000000101111011
00000000000000000000000101111011
00000000000000000000000101111011
00000000000000000000000101111011
00110100000001000001000001110011
00000000000000000000000111101011
00000000000000000000000111101011
00000000000000000000000111101011
00000000000000000000000111101011
00000000000000000000000111101011
00000000000000000000000111101011
00000000000000000000000111101011
00000000000000000000000111101011
00000000000000000000000111101011
00110100000001000001000001110011
00000000000000000000000000011001
00000000000000000000000000011001
00000000000000000000000000011001
00000000000000000000000000011001
00000000000000000000000000011001
00000000000000000000000000011001
00000000000000000000000000011001
00000000000000000000000000011001
00000000000000000000000000011001
00110100000001000001000001110011
00000000000000000000000000101110
00000000000000000000000000101110
00000000000000000000000000101110
00000000000000000000000000101110
00000000000000000000000000101110
00000000000000000000000000101110
00000000000000000000000000101110
00000000000000000000000000101110
00000000000000000000000000101110
00000000000000000000000000101110
00110100000001000001000001110011
00000000000000000000000010110000
00000000000000000000000010110000
00000000000000000000000010110000
00000000000000000000000010110000
00000000000000000000000010110000
00000000000000000000000010110000
00000000000000000000000010110000
00000000000000000000000010110000
00110100000001000001000001110011
00000000000000000000000001101101
00000000000000000000000001101101
00000000000000000000000001101101
00000000000000000000000001101101
00000000000000000000000001101101
00000000000000000000000001101101
00000000000000000000000001101101
00000000000000000000000001101101
00000000000000000000000001101101
00110100000001000001000001110011
00000000000000000000000010010100
00000000000000000000000010010100
00000000000000000000000010010100
00000000000000000000000010010100
00000000000000000000000010010100
00000000000000000000000010010100
00000000000000000000000010010100
00000000000000000000000010010100
00110100000001000001000001110011
00000000000000000000000001001110
00000000000000000000000001001110
00000000000000000000000001001110
00000000000000000000000001001110
00000000000000000000000001001110
00000000000000000000000001001110
00000000000000000000000001001110
00000000000000000000000001001110
00000000000000000000000001001110
00110100000001000001000001110011
11111110000001011001011011100011
11111110000001011001011011100011
11111110000001011001011011100011
11111110000001011001011011100011
11111110000001011001011011100011
11111110000001011001011011100011
00000000000000000000000010010100
00000000000000000000001011001100
00000000000000000000001011001100
00000000000000000000001011001100
00000000000000000000001011001100
00000000000000000000001011001100
00000000000000000000001011001100
00000000000000000000001011001100
00000000000000000000001011001100
00000000000000000000001011001100
00110100000001000001000001110011
00000000000000000000001100010101
00000000000000000000001100010101
00000000000000000000001100010101
00000000000000000000001100010101
00000000000000000000001100010101
00000000000000000000001100010101
00000000000000000000001100010101
00000000000000000000001100010101
00110100000001000001000001110011
00000000000000000000001101010101
00000000000000000000001101010101
00000000000000000000001101010101
00000000000000000000001101010101
00000000000000000000001101010101
00000000000000000000001101010101
00000000000000000000001101010101
00000000000000000000001101010101
00000000000000000000001101010101
00110100000001000001000001110011
11111111000001111010111000100011
11111111000001111010111000100011
11111111000001111010111000100011
11111111000001111010111000100011
11111111000001111010111000100011
11111111000001111010111000100011
11111111000001111010111000100011
11111111000001111010111000100011
11111111000001111010111000100011
11111111000001111010111000100011
11111111000001111010111000100011
11111111000001111010111000100011
11111111000001111010111000100011
11111111000001111010111000100011
11111111000001111010111000100011
11111111000001111010111000100011
11111111000001111010111000100011
11111111000001111010111000100011
11111111000001111010111000100011
11111111000001111010111000100011
11111111000001111010111000100011
11111111000001111010111000100011
11111111000001111010111000100011
11111111000001111010111000100011
11111111000001111010111000100011
11111111000001111010111000100011
11111111000001111010111000100011
11111111000001111010111000100011
11111111000001111010111000100011
11111111000001111010111000100011
00110100000001000001000001110011
00110100000101000001000001110011
00110100000101000001000001110011
00110100000101000001000001110011
00110100101000000010010001110011
00000000000001000000100001100011
00000000000001000000100001100011
00000000000001000000100001100011
00000000000001000000100001100011
00000000000001000000100001100011
00000000000001000000100001100011
00000001111101000101010000010011
00000000000000000000000011110110
00000000000000000000000011110110
00000000000000000000000011110110
00000000000000000000000011110110
00000000000000000000000011110110
00000000000000000000000011110110
00000000000000000000000011110110
00000000000000000000000011110110
00000000000000000000000011110110
00000000100000010010011000100011
00000000000000000000000101011100
00000000000000000000000101011100
00000000000000000000000101011100
00000000000000000000000101011100
00000000000000000000000101011100
00000000000000000000000101011100
00000000000000000000000101011100
00000000000000000000000101011100
00000000000000000000000101011100
00110100000001000001000001110011
00000000000000000000001000101011
00000000000000000000001000101011
00000000000000000000001000101011
00000000000000000000001000101011
00000000000000000000001000101011
00000000000000000000001000101011
00000000000000000000001000101011
00000000000000000000001000101011
00000000000000000000001000101011
00110100000001000001000001110011
00000000000000000000000011000100
00000000000000000000000011000100
00000000000000000000000011000100
00000000000000000000000011000100
00000000000000000000000011000100
00000000000000000000000011000100
00000000000000000000000011000100
00000000000000000000000011000100
00000000000000000000000011000100
00110100000001000001000001110011
00000000000000000000000110010001
00000000000000000000000110010001
00000000000000000000000110010001
00000000000000000000000110010001
00000000000000000000000110010001
00000000000000000000000110010001
00000000000000000000000110010001
00000000000000000000000110010001
00110100000001000001000001110011
00000000000000000000000000011001
00000000000000000000000000011001
00000000000000000000000000011001
00000000000000000000000000011001
00000000000000000000000000011001
00000000000000000000000000011001
00000000000000000000000000011001
00000000000000000000000000011001
00000000000000000000000000011001
00110100000001000001000001110011
00000000000000000000000110010001
00000000000000000000000110010001
00000000000000000000000110010001
00000000000000000000000110010001
00000000000000000000000110010001
00000000000000000000000110010001
00000000000000000000000110010001
00000000000000000000000110010001
00110100000001000001000001110011
00000000110101100101110001100011
00000000110101100101110001100011
00000000110101100101110001100011
00000000110101100101110001100011
00000000110101100101110001100011
00000000110101100101110001100011
00110011010001001000010010010011
00000000000000001000000001100111
00000000000000001000000001100111
00000000000000001000000001100111
00000000000000001000000001100111
00000000000000001000000001100111
00000000000000001000000001100111
00000000000000001000000001100111
00000000000000001000000001100111
00000000000000000000001000101011
00000000000000000000001000101011
00000000000000000000001000101011
00000000000000000000001000101011
00000000000000000000001000101011
00000000000000000000001000101011
00000000000000000000001000101011
00000000000000000000001000101011
00000000000000000000001000101011
00110100000001000001000001110011
00000000000000000000001110000010
00000000000000000000001110000010
00000000000000000000001110000010
00000000000000000000001110000010
00000000000000000000001110000010
00000000000000000000001110000010
00000000000000000000001110000010
00000000000000000000001110000010
00000000000000000000001110000010
00000000000000000000001110000010
00110100000001000001000001110011
