00000000000000000000000000000000
00000000000000000000000000000000
00000000000000000000000000000000
00000000000000000000000000000000
00000000000000000000000000000000
00000000000000000000000000000000
00000000000000000000000000000000
00000000000000000000000000000000
00000000000000000000000000000000
00000000000000000000000000000000
00000000000000000000000000000000
00000000000000000000000000000000
00000000000000000000000000000000
00000000000000000000000000000000
00000000000000000000000000000000
00000000000000000000000000000000
00000000000000000000000000000000
00000000000000000000000000000000
00000000000000000000000000000000
00000000000000000000000000000000
00000000000000000000000000000000
00000000000000000000000000000000
00000000000000000000000000000000
00000000000000000000000000000000
00000000000000000000000000000000
00000000000000000000000000000000
00000000000000000000000000000000
00000000000000000000000000000000
00000000000000000000000000000000
00000000000000000000000000000000
00000000000000000000000000000000
00000000000000000000000000000000
00000000000000000000000000000000
00000000000000000000000000000000
00000000000000000000000000000000
00000000000000000000000000000000
00000000000000000000000000000000
00000000000000000000000000000000
00000000000000000000000000000000
00000000000000000000000000000000
00000000000000000000000000000000
00000000000000000000000000000000
00000000000000000000000000000000
00000000000000000000000000000000
00000000000000000000000000000000
00000000000000000000000000000000
00000000000000000000000000000000
00000000000000000000000000000000
00000000000000000000000000000000
00000000000000000000000000000000
00000000000000000000000000000000
00000000000000000000000000000000
00000000000000000000000000000000
00000000000000000000000000000000
00000000000000000000000000000000
00000000000000000000000000000000
00000000000000000000000000000000
00000000000000000000000000000000
00000000000000000000000000000000
00000000000000000000000000000000
00000000000000000000000000000000
00000000000000000000000010011110
00000000000000000000000010011110
00000000000000000000000010011110
00000000000000000000000010011110
00000000000000000000000010011110
00000000000000000000000010011110
00000000000000000000000010011110
00000000000000000000000010100000
00000000000000000000000010100000
00000000000000000000000010100000
00000000000000000000000010100000
00000000000000000000000010100000
00000000000000000000000010100000
00000000000000000000000010100000
00000000000000000000000010100000
00000000000000000000000010100000
00000000000000000000000010100000
00000000000000000000000010100000
00000000000000000000000010100000
00000000000000000000000010100000
00000000000000000000000010100000
00000000000000000000000010100000
00000000000000000000000010100000
00000000000000000000000010100100
00000000000000000000000010100100
00000000000000000000000010100100
00000000000000000000000010100100
00000000000000000000000010100100
00000000000000000000000010100100
00000000000000000000000000000000
00000000000000000000000000000000
00000000000000000000000000000000
00000000000000000000000000000000
00000000000000000000000000000000
00000000000000000000000000000000
00000000000000000000000000000000
00000000000000000000000000000000
00000000000000000000000000000000
00000000000000000000000000000000
00000000000000000000000000000000
00000000000000000000000000000000
00000000000000000000000000000000
00000000000000000000000000000000
00000000000000000000000000000000
00000000000000000000000000000000
00000000000000000000000000000000
00000000000000000000000000000000
00000000000000000000000000000000
00000000000000000000000000000000
00000000000000000000000000000000
00000000000000000000000000000000
00000000000000000000000000000000
00000000000000000000000000000000
00000000000000000000000000000000
00000000000000000000000000000000
00000000000000000000000000000000
00000000000000000000000010110010
00000000000000000000000010110010
00000000000000000000000010110010
00000000000000000000000010110010
00000000000000000000000010110010
00000000000000000000000010110010
00000000000000000000000010110010
00000000000000000000000000000000
00000000000000000000000000000000
00000000000000000000000000000000
00000000000000000000000000000000
00000000000000000000000000000000
00000000000000000000000000000000
00000000000000000000000000000000
00000000000000000000000111110000
00000000000000000000000111110000
00000000000000000000000111110000
00000000000000000000000111110000
00000000000000000000000111010000
00000000000000000000000111010000
00000000000000000000000111010000
00000000000000000000000111010000
00000000000000000000000111010000
00000000000000000000000111010000
00000000000000000000000111010000
00000000000000000000000000000000
00000000000000000000000000000000
00000000000000000000000000000000
00000000000000000000000000000000
00000000000000000000000000000000
00000000000000000000000000000000
00000000000000000000000000000000
00000000000000000000000000000000
00000000000000000000000000000000
00000000000000000000000000000000
00000000000000000000000000000000
00000000000000000000000000000000
00000000000000000000000000000000
00000000000000000000000000000000
00000000000000000000000000000000
00000000000000000000000000000000
00000000000000000000000000000000
00000000000000000000000000000000
00000000000000000000000000000000
00000000000000000000001011010100
00000000000000000000001011010100
00000000000000000000001011010100
00000000000000000000001011010100
00000000000000000000001011010100
00000000000000000000001011010100
00000000000000000000000000000000
00000000000000000000000000000000
00000000000000000000000000000000
00000000000000000000000000000000
00000000000000000000000000000000
00000000000000000000000000000000
00000000000000000000000000000000
00000000000000000000000000000000
00000000000000000000000000000000
00000000000000000000000000000000
00000000000000000000000000000000
00000000000000000000000011101000
00000000000000000000000011101000
00000000000000000000000011101000
00000000000000000000000011101000
00000000000000000000000011101000
00000000000000000000000011101000
00000000000000000000000011101000
00000000000000000000000011101000
00000000000000000000000011101000
00000000000000000000000011101000
00000000000000000000000011101000
00000000000000000000000011101000
00000000000000000000000011101000
00000000000000000000000011101000
00000000000000000000000011101000
00000000000000000000000011101000
00000000000000000000000011101000
00000000000000000000000011101000
00000000000000000000000011101000
00000000000000000000000011101000
00000000000000000000000011101000
00000000000000000000000000000000
00000000000000000000000000000000
00000000000000000000000000000000
00000000000000000000000000000000
00000000000000000000000000000000
00000000000000000000000000000000
00000000000000000000000000000000
00000000000000000000000011101100
00000000000000000000000011101100
00000000000000000000000011101100
00000000000000000000000011101100
00000000000000000000000011101100
00000000000000000000000011101100
00000000000000000000000011101100
00000000000000000000000011101000
00000000000000000000000011101000
00000000000000000000000011101000
00000000000000000000000011101000
00000000000000000000000000000000
00000000000000000000000000000000
00000000000000000000000000000000
00000000000000000000000000000000
00000000000000000000000000000000
00000000000000000000000000000000
00000000000000000000000000000000
00000000000000000000000000000000
00000000000000000000000000000000
00000000000000000000000000000000
00000000000000000000000000000000
00000000000000000000000000000000
00000000000000000000000000000000
00000000000000000000000000000000
00000000000000000000000000000000
00000000000000000000001101001000
00000000000000000000001101001000
00000000000000000000001101001000
00000000000000000000001101001000
00000000000000000000001101001000
00000000000000000000001101001000
00000000000000000000001101001000
00000000000000000000001101001000
00000000000000000000001101001000
00000000000000000000001101001000
00000000000000000000001101001000
00000000000000000000001101001000
00000000000000000000001101001000
00000000000000000000001101001000
00000000000000000000001101001000
00000000000000000000001101001000
00000000000000000000001101001000
00000000000000000000001101001000
00000000000000000000001101001000
00000000000000000000001101001000
00000000000000000000001101001000
00000000000000000000001101001000
00000000000000000000001101001000
00000000000000000000001101001000
00000000000000000000001101000100
00000000000000000000001101000100
00000000000000000000001101000100
00000000000000000000001101000100
00000000000000000000001101000100
00000000000000000000001101000100
00000000000000000000000000000000
00000000000000000000000000000000
00000000000000000000000000000000
00000000000000000000000000000000
00000000000000000000000000000000
00000000000000000000000000000000
00000000000000000000000000000000
00000000000000000000000000000000
00000000000000000000000000000000
00000000000000000000000000000000
00000000000000000000000000000000
00000000000000000000000000000000
00000000000000000000000000000000
00000000000000000000000000000000
00000000000000000000000000000000
00000000000000000000000000000000
11111111111111111111111111111100
11111111111111111111111111111100
11111111111111111111111111111100
11111111111111111111111111111100
11111111111111111111111111111100
11111111111111111111111111111100
11111111111111111111111111111100
11111111111111111111111111111100
11111111111111111111111111111100
11111111111111111111111111111100
11111111111111111111111111111100
00000000000000000000000000000000
00000000000000000000000000000000
00000000000000000000000000000000
00000000000000000000000000000000
00000000000000000000000000000000
00000000000000000000000000000000
00000000000000000000000000000000
00000000000000000000000000000000
00000000000000000000001001001000
00000000000000000000001001001000
00000000000000000000001001001000
00000000000000000000001001001000
00000000000000000000001001001000
00000000000000000000001001001000
00000000000000000000000000000000
00000000000000000000000000000000
00000000000000000000000000000000
00000000000000000000000011101100
00000000000000000000000011101100
00000000000000000000000011101100
00000000000000000000000011101100
00000000000000000000000011101100
00000000000000000000000011101100
00000000000000000000000011101100
00000000000000000000000011101100
00000000000000000000000011101100
00000000000000000000000011101100
00000000000000000000000011101100
00000000000000000000000011101100
00000000000000000000000011101100
00000000000000000000000011101100
00000000000000000000000011101100
00000000000000000000000011101100
00000000000000000000000011101100
00000000000000000000000011101100
00000000000000000000000011101100
00000000000000000000000011101100
00000000000000000000000011101100
00000000000000000000000011101100
00000000000000000000000011101100
00000000000000000000001010111000
00000000000000000000001010111000
00000000000000000000001010111000
00000000000000000000001010111000
00000000000000000000001010111000
00000000000000000000001010111000
00000000000000000000001010111000
00000000000000000000000000000000
00000000000000000000000000000000
00000000000000000000000000000000
00000000000000000000000000000000
00000000000000000000001111010000
00000000000000000000001111010000
00000000000000000000001111010000
00000000000000000000001111010000
00000000000000000000001111010000
00000000000000000000001111010000
00000000000000000000000000000000
00000000000000000000000000000000
00000000000000000000000000000000
00000000000000000000000000000000
00000000000000000000000000000000
00000000000000000000001111101100
00000000000000000000001111101100
00000000000000000000001111101100
00000000000000000000001111101100
00000000000000000000001111101100
00000000000000000000001111101100
00000000000000000000010010110100
00000000000000000000010010110100
00000000000000000000010010110100
00000000000000000000010010110100
00000000000000000000010010110100
00000000000000000000010100110100
00000000000000000000010100110100
00000000000000000000010100110100
00000000000000000000010100110100
00000000000000000000010100110100
00000000000000000000010100110100
00000000000000000000000000000000
00000000000000000000000000000000
00000000000000000000000000000000
00000000000000000000000000000000
00000000000000000000000000000000
00000000000000000000000000000000
00000000000000000000000000000000
00000000000000000000000000000000
00000000000000000000000000000000
00000000000000000000000000000000
00000000000000000000000000000000
00000000000000000000000000000000
00000000000000000000000000000000
00000000000000000000000000000000
00000000000000000000000000000000
00000000000000000000000000000000
00000000000000000000000000000000
00000000000000000000000000000000
00000000000000000000000000000000
00000000000000000000000000000000
00000000000000000000000000000000
00000000000000000000000000000000
00000000000000000000000000000000
00000000000000000000000000000000
00000000000000000000000000000000
00000000000000000000000000000000
00000000000000000000000000000000
00000000000000000000000000000000
00000000000000000000001111111100
00000000000000000000001111111100
00000000000000000000001111111100
00000000000000000000001111111100
00000000000000000000001111111100
00000000000000000000001111111100
00000000000000000000000000000000
00000000000000000000000000000000
00000000000000000000000000000000
00000000000000000000000000000000
00000000000000000000001110111100
00000000000000000000001110111100
00000000000000000000001110111100
00000000000000000000001110111100
00000000000000000000001110111100
00000000000000000000001110111100
00000000000000000000000000000000
00000000000000000000000000000000
00000000000000000000000000000000
00000000000000000000000000000000
00000000000000000000000000000000
00000000000000000000000000000000
00000000000000000000000000000000
00000000000000000000000000000000
00000000000000000000000000000000
00000000000000000000000000000000
00000000000000000000000000000000
00000000000000000000000000000000
00000000000000000000000000000000
00000000000000000000000000000000
00000000000000000000000000000000
00000000000000000000000000000000
00000000000000000000000000000000
00000000000000000000000000000000
00000000000000000000000000000000
00000000000000000000000000000000
00000000000000000000000000000000
00000000000000000000000000000000
00000000000000000000000000000000
00000000000000000000000000000000
00000000000000000000000000000000
00000000000000000000000000000000
00000000000000000000000000000000
00000000000000000000000000000000
00000000000000000000000000000000
00000000000000000000000000000000
00000000000000000000000000000000
00000000000000000000000000000000
00000000000000000000000000000000
00000000000000000000000000000000
00000000000000000000000000000000
00000000000000000000000000000000
00000000000000000000000000000000
00000000000000000000000000000000
00000000000000000000000000000000
00000000000000000000000000000000
00000000000000000000000000000000
00000000000000000000000000000000
00000000000000000000000000000000
00000000000000000000000000000000
00000000000000000000000000000000
00000000000000000000000000000000
00000000000000000000000000000000
00000000000000000000000000000000
00000000000000000000000000000000
00000000000000000000000000000000
00000000000000000000000000000000
00000000000000000000000000000000
00000000000000000000000000000000
00000000000000000000000000000000
00000000000000000000000000000000
00000000000000000000000000000000
00000000000000000000000000000000
00000000000000000000000000000000
00000000000000000000000000000000
00000000000000000000000000000000
00000000000000000000000000000000
00000000000000000000000000000000
00000000000000000000000000000000
00000000000000000000000000000000
00000000000000000000000000000000
00000000000000000000000000000000
00000000000000000000000000000000
00000000000000000000000000000000
00000000000000000000000000000000
00000000000000000000000000000000
00000000000000000000000000000000
00000000000000000000000000000000
00000000000000000000000000000000
00000000000000000000000000000000
00000000000000000000000000000000
00000000000000000000000000000000
00000000000000000000000000000000
00000000000000000000000000000000
00000000000000000000000000000000
00000000000000000000000000000000
00000000000000000000000000000000
00000000000000000000000000000000
00000000000000000000000000000000
00000000000000000000000000000000
00000000000000000000000000000000
00000000000000000000000000000000
00000000000000000000000000000000
00000000000000000000000011101000
00000000000000000000000011101000
00000000000000000000000011101000
00000000000000000000000011101000
00000000000000000000000011101000
00000000000000000000000011101000
00000000000000000000000011101000
00000000000000000000000011101000
00000000000000000000000011101000
00000000000000000000000011101000
00000000000000000000000011101000
00000000000000000000000011101000
00000000000000000000000011101000
00000000000000000000000011101000
00000000000000000000000011101000
00000000000000000000000011101000
00000000000000000000000011101000
00000000000000000000000011101000
00000000000000000000000011101000
00000000000000000000000011101000
00000000000000000000000011101000
00000000000000000000000000000000
00000000000000000000000000000000
00000000000000000000000000000000
00000000000000000000000000000000
00000000000000000000000000000000
00000000000000000000000000000000
00000000000000000000000000000000
00000000000000000000000000000000
00000000000000000000000000000000
00000000000000000000000000000000
00000000000000000000000000000000
00000000000000000000000000000000
00000000000000000000000000000000
00000000000000000000000000000000
00000000000000000000000000000000
00000000000000000000000000000000
00000000000000000000000000000000
00000000000000000000000000000000
00000000000000000000010000110100
00000000000000000000010000110100
00000000000000000000010000110100
00000000000000000000010000110100
00000000000000000000010000110100
00000000000000000000010000110100
00000000000000000000000000000000
00000000000000000000000000000000
00000000000000000000000000000000
00000000000000000000000000000000
00000000000000000000000000000000
00000000000000000000000010011110
00000000000000000000000010011110
00000000000000000000000010011110
00000000000000000000000010011110
00000000000000000000000010011110
00000000000000000000000010011110
00000000000000000000000010011110
00000000000000000000000000000000
00000000000000000000000000000000
00000000000000000000000000000000
00000000000000000000000000000000
00000000000000000000000000000000
00000000000000000000000110011110
00000000000000000000000110011110
00000000000000000000000110011110
00000000000000000000000110011110
00000000000000000000000110011110
00000000000000000000000110011110
00000000000000000000000000000000
00000000000000000000000000000000
00000000000000000000000000000000
00000000000000000000000000000000
00000000000000000000000000000000
00000000000000000000000000000000
00000000000000000000000000000000
00000000000000000000000000000000
00000000000000000000001100100100
00000000000000000000001100100100
00000000000000000000001100100100
00000000000000000000001100100100
00000000000000000000001100100100
00000000000000000000001100100100
00000000000000000000000000000100
00000000000000000000000000000100
00000000000000000000000000000100
00000000000000000000000000000100
00000000000000000000000000000000
00000000000000000000000000000000
00000000000000000000000000000000
00000000000000000000000000000000
00000000000000000000001110111000
00000000000000000000001110111000
00000000000000000000001110111000
00000000000000000000001110111000
00000000000000000000001110111000
00000000000000000000001110111000
00000000000000000000001110111000
00000000000000000000001110111000
00000000000000000000001110111000
00000000000000000000001110111000
00000000000000000000001110111000
00000000000000000000001110111000
00000000000000000000001110111000
00000000000000000000001110111000
00000000000000000000001110111000
00000000000000000000001110111000
00000000000000000000000000000000
00000000000000000000000000000000
00000000000000000000000000000000
00000000000000000000000000000000
00000000000000000000001111001000
00000000000000000000001111001000
00000000000000000000001111001000
00000000000000000000001111001000
00000000000000000000001111001000
00000000000000000000001111001000
00000000000000000000000000000000
00000000000000000000000000000000
00000000000000000000000000000000
00000000000000000000000000000000
00000000000000000000001110110100
00000000000000000000001110110100
00000000000000000000001110110100
00000000000000000000001110110100
00000000000000000000001110110100
00000000000000000000001110110100
00000000000000000000001110110100
00000000000000000000001110110100
00000000000000000000001110110100
00000000000000000000001110110100
00000000000000000000001110110100
00000000000000000000001110110100
00000000000000000000001110110100
00000000000000000000001110110100
00000000000000000000001110110100
00000000000000000000001110110100
00000000000000000000000000000000
00000000000000000000000000000000
00000000000000000000000000000000
00000000000000000000000000000000
00000000000000000000001111010000
00000000000000000000001111010000
00000000000000000000001111010000
00000000000000000000001111010000
00000000000000000000001111010000
00000000000000000000001111010000
00000000000000000000000000000000
00000000000000000000000000000000
00000000000000000000000000000000
00000000000000000000000000000000
00000000000000000000000000000000
00000000000000000000001111101100
00000000000000000000001111101100
00000000000000000000001111101100
00000000000000000000001111101100
00000000000000000000001111101100
00000000000000000000001111101100
00000000000000000000000000000000
00000000000000000000000000000000
00000000000000000000000000000000
00000000000000000000000101001000
00000000000000000000000101001000
00000000000000000000000101001000
00000000000000000000000101001000
00000000000000000000000000000000
00000000000000000000000000000000
00000000000000000000000000000000
00000000000000000000000000000000
00000000000000000000000000000000
00000000000000000000000000000000
00000000000000000000000000000000
00000000000000000000000000000000
00000000000000000000000000000000
00000000000000000000000000000000
00000000000000000000001001111100
00000000000000000000001001111100
00000000000000000000001001111100
00000000000000000000001001111100
00000000000000000000001001111100
00000000000000000000001001111100
00000000000000000000000000000000
00000000000000000000000000000000
00000000000000000000000000000000
00000000000000000000000000000000
00000000000000000000001111111100
00000000000000000000001111111100
00000000000000000000001111111100
00000000000000000000001111111100
00000000000000000000001111111100
00000000000000000000001111111100
00000000000000000000000000000000
00000000000000000000000000000000
00000000000000000000000000000000
00000000000000000000000000000000
00000000000000000000001110111100
00000000000000000000001110111100
00000000000000000000001110111100
00000000000000000000001110111100
00000000000000000000001110111100
00000000000000000000001110111100
00000000000000000000000000000000
00000000000000000000000000000000
00000000000000000000000000000000
00000000000000000000000000000000
00000000000000000000000010000100
00000000000000000000000010000100
00000000000000000000000010000100
00000000000000000000000010000100
00000000000000000000000010001000
00000000000000000000000010001000
00000000000000000000000010001000
00000000000000000000000010001000
00000000000000000000000010001000
00000000000000000000000010001000
00000000000000000000000010001000
00000000000000000000000010001000
00000000000000000000000010001000
00000000000000000000000000000000
00000000000000000000000000000000
00000000000000000000000000000000
00000000000000000000000000000000
00000000000000000000000000000000
00000000000000000000000000000000
00000000000000000000000000000000
00000000000000000000000000000000
00000000000000000000000000000000
00000000000000000000000000000000
00000000000000000000000000000000
00000000000000000000000000000000
00000000000000000000000000000000
00000000000000000000000000000000
00000000000000000000000000000000
00000000000000000000000000000000
00000000000000000000000000000000
00000000000000000000000000000000
00000000000000000000000000000000
00000000000000000000000000000000
00000000000000000000000000000000
00000000000000000000000000000000
00000000000000000000000000000000
00000000000000000000000000000000
00000000000000000000000010000100
00000000000000000000000010000100
00000000000000000000000010000100
00000000000000000000000010000100
00000000000000000000000010000100
00000000000000000000000010000100
00000000000000000000000000000000
00000000000000000000000000000000
00000000000000000000000000000000
00000000000000000000000000000000
00000000000000000000000000000000
00000000000000000000000000000000
00000000000000000000000000000000
00000000000000000000000000000000
00000000000000000000000000000000
00000000000000000000000000000000
00000000000000000000000000000000
00000000000000000000000000000000
00000000000000000000000000000000
00000000000000000000000000000000
00000000000000000000000000000000
00000000000000000000000000000000
00000000000000000000000000000000
00000000000000000000000000000000
00000000000000000000001011101100
00000000000000000000001011101100
00000000000000000000001011101100
00000000000000000000001011101100
00000000000000000000001011101100
00000000000000000000001011101100
00000000000000000000001011101100
00000000000000000000000000000000
00000000000000000000000000000000
00000000000000000000000000000000
00000000000000000000000000000000
00000000000000000000001110101000
00000000000000000000001110101000
00000000000000000000001110101000
00000000000000000000001110101000
00000000000000000000001110101000
00000000000000000000001110101000
00000000000000000000000000000000
00000000000000000000000000000000
00000000000000000000000000000000
00000000000000000000000000000000
00000000000000000000001110111000
00000000000000000000001110111000
00000000000000000000001110111000
00000000000000000000001110111000
00000000000000000000001110111000
00000000000000000000001110111000
00000000000000000000000000000000
00000000000000000000000000000000
00000000000000000000000000000000
00000000000000000000000000000000
00000000000000000000000000000000
00000000000000000000000000000000
00000000000000000000000000000000
00000000000000000000000000000000
00000000000000000000000000000000
00000000000000000000000000000000
00000000000000000000001111100100
00000000000000000000001111100100
00000000000000000000001111100100
00000000000000000000001111100100
00000000000000000000001111100100
00000000000000000000001111100100
00000000000000000000001101001100
00000000000000000000001101001100
00000000000000000000001101001100
00000000000000000000001101010000
00000000000000000000000000000000
00000000000000000000000000000000
00000000000000000000000000000000
00000000000000000000000000000000
00000000000000000000000000000000
00000000000000000000000000000000
00000000000000000000000000000000
00000000000000000000000000000000
00000000000000000000001001111100
00000000000000000000001001111100
00000000000000000000001001111100
00000000000000000000001001111100
00000000000000000000001001111100
00000000000000000000001001111100
00000000000000000000001001111100
00000000000000000000000000000000
00000000000000000000000000000000
00000000000000000000000000000000
00000000000000000000000000000000
00000000000000000000000000000000
00000000000000000000000000000000
00000000000000000000000000000000
00000000000000000000010001100000
00000000000000000000010001100000
00000000000000000000010001100000
00000000000000000000010001100000
00000000000000000000010001100000
00000000000000000000010001100000
00000000000000000000000000000000
00000000000000000000000000000000
00000000000000000000000000000000
00000000000000000000000000000000
00000000000000000000010010100000
00000000000000000000010010100000
00000000000000000000010010100000
00000000000000000000010010100000
00000000000000000000010010100000
00000000000000000000010010100000
00000000000000000000000000000000
00000000000000000000000000000000
00000000000000000000000000000000
00000000000000000000000000000000
00000000000000000000010001001000
00000000000000000000010001001000
00000000000000000000010001001000
00000000000000000000010001001000
00000000000000000000010001001000
00000000000000000000010001001000
00000000000000000000001000000100
00000000000000000000001000000100
00000000000000000000001000000100
00000000000000000000001000000100
00000000000000000000001000000100
00000000000000000000001000000100
00000000000000000000001000000100
00000000000000000000001000000100
00000000000000000000010001000100
00000000000000000000010001000100
00000000000000000000010001000100
00000000000000000000010001000100
00000000000000000000010001000100
00000000000000000000010001000100
00000000000000000000010001000100
00000000000000000000010001000100
00000000000000000000010001000100
00000000000000000000010001000100
00000000000000000000001011001000
00000000000000000000001011001000
00000000000000000000001011001000
00000000000000000000001011001000
00000000000000000000001011001000
00000000000000000000001011001000
00000000000000000000001011001000
00000000000000000000001011001000
00000000000000000000001011001000
00000000000000000000001011001000
00000000000000000000001011001000
00000000000000000000001011001000
00000000000000000000001011001000
00000000000000000000001011001000
00000000000000000000001011001000
00000000000000000000001011001000
00000000000000000000001011001000
00000000000000000000001011001000
00000000000000000000001011001000
00000000000000000000001011001000
00000000000000000000001011001000
00000000000000000000001011001000
00000000000000000000001011001000
00000000000000000000001011001000
00000000000000000000001011001000
00000000000000000000001100110100
00000000000000000000001100110100
00000000000000000000001100110100
00000000000000000000001100110100
00000000000000000000001100110100
00000000000000000000001100110100
00000000000000000000000000000000
00000000000000000000000000000000
00000000000000000000000000000000
00000000000000000000010010111000
00000000000000000000010010111000
00000000000000000000010010111000
00000000000000000000010010111000
00000000000000000000010010111000
00000000000000000000010010111000
00000000000000000000000000000000
00000000000000000000000000000000
00000000000000000000000000000000
00000000000000000000000000000000
00000000000000000000000000000000
00000000000000000000000000000000
00000000000000000000000000000000
00000000000000000000000000000000
00000000000000000000000000000000
00000000000000000000000000000000
00000000000000000000010001101000
00000000000000000000010001101000
00000000000000000000010001101000
00000000000000000000010001101000
00000000000000000000010001101000
00000000000000000000010001101000
00000000000000000000000000000000
00000000000000000000000000000000
00000000000000000000000000000000
00000000000000000000000000000000
00000000000000000000010001110100
00000000000000000000010001110100
00000000000000000000010001110100
00000000000000000000010001110100
00000000000000000000010001110100
00000000000000000000010001110100
00000000000000000000000000000000
00000000000000000000000000000000
00000000000000000000000000000000
00000000000000000000000000000000
00000000000000000000010010101000
00000000000000000000010010101000
00000000000000000000010010101000
00000000000000000000010010101000
00000000000000000000010010101000
00000000000000000000010010101000
00000000000000000000000100100000
00000000000000000000000100100000
00000000000000000000000100100000
00000000000000000000000100100000
00000000000000000000000100100000
00000000000000000000000100100000
00000000000000000000000100100000
00000000000000000000000100100000
00000000000000000000000000000000
00000000000000000000000000000000
00000000000000000000000000000000
00000000000000000000000000000000
00000000000000000000010001011000
00000000000000000000010001011000
00000000000000000000010001011000
00000000000000000000010001011000
00000000000000000000010001011000
00000000000000000000010001011000
00000000000000000000010001011100
00000000000000000000010001011100
00000000000000000000010001011100
00000000000000000000010001011100
00000000000000000000010001011100
00000000000000000000010001011100
00000000000000000000010001011100
00000000000000000000010001011100
00000000000000000000010001011100
00000000000000000000010001011100
00000000000000000000000000000000
00000000000000000000000000000000
00000000000000000000000000000000
00000000000000000000000000000000
00000000000000000000010001001100
00000000000000000000010001001100
00000000000000000000010001001100
00000000000000000000010001001100
00000000000000000000010001001100
00000000000000000000010001001100
00000000000000000000010001010100
00000000000000000000010001010100
00000000000000000000010001010100
00000000000000000000010001010100
00000000000000000000010001010100
00000000000000000000010001010100
00000000000000000000010001010100
00000000000000000000010001010100
00000000000000000000010001010100
00000000000000000000010001010100
00000000000000000000010001010100
00000000000000000000000000000000
00000000000000000000000000000000
00000000000000000000000000000000
00000000000000000000010010000000
00000000000000000000010010000000
00000000000000000000010010000000
00000000000000000000010010000000
00000000000000000000010010000000
00000000000000000000010010000000
00000000000000000000000000000000
00000000000000000000000000000000
00000000000000000000000000000000
00000000000000000000000000000000
00000000000000000000010010100000
00000000000000000000010010100000
00000000000000000000010010100000
00000000000000000000010010100000
00000000000000000000010010100000
00000000000000000000010010100000
00000000000000000000000000000000
00000000000000000000000000000000
00000000000000000000000000000000
00000000000000000000010001101000
00000000000000000000010001101000
00000000000000000000010001101000
00000000000000000000010001101000
00000000000000000000010001101000
00000000000000000000010001101000
00000000000000000000000000000000
00000000000000000000000000000000
00000000000000000000000000000000
00000000000000000000000000000000
00000000000000000000010001110100
00000000000000000000010001110100
00000000000000000000010001110100
00000000000000000000010001110100
00000000000000000000010001110100
00000000000000000000010001110100
00000000000000000000000000000000
00000000000000000000000000000000
00000000000000000000000000000000
00000000000000000000000000000000
00000000000000000000000000000000
00000000000000000000000000000000
00000000000000000000000000000000
00000000000000000000000000000000
00000000000000000000000000000000
00000000000000000000000000000000
00000000000000000000000000000000
00000000000000000000010010101000
00000000000000000000010010101000
00000000000000000000010010101000
00000000000000000000010010101000
00000000000000000000010010101000
00000000000000000000010010101000
00000000000000000000000000000000
00000000000000000000000000000000
00000000000000000000000000000000
00000000000000000000010010111000
00000000000000000000010010111000
00000000000000000000010010111000
00000000000000000000010010111000
00000000000000000000010010111000
00000000000000000000010010111000
00000000000000000000000000000000
00000000000000000000000000000000
00000000000000000000000000000000
00000000000000000000000000000000
00000000000000000000010011001000
00000000000000000000010011001000
00000000000000000000010011001000
00000000000000000000010011001000
00000000000000000000010011001000
00000000000000000000010011001000
00000000000000000000001110111100
00000000000000000000001110111100
00000000000000000000001110111100
00000000000000000000001110111100
00000000000000000000001110111100
00000000000000000000001110111100
00000000000000000000001110111100
00000000000000000000001110111100
00000000000000000000001110111100
00000000000000000000001110111100
00000000000000000000001110111100
00000000000000000000001110111100
00000000000000000000001110111100
00000000000000000000001110111100
00000000000000000000001110111100
00000000000000000000001110111100
00000000000000000000001110111100
00000000000000000000001110111100
00000000000000000000001110111100
00000000000000000000001110111100
00000000000000000000001110111100
00000000000000000000001110111100
00000000000000000000001110111100
00000000000000000000001110111100
00000000000000000000001110111100
00000000000000000000001110111000
00000000000000000000001110111000
00000000000000000000001110111000
00000000000000000000001110111000
00000000000000000000001110111000
00000000000000000000001110111000
00000000000000000000000100011100
00000000000000000000000100011100
00000000000000000000000100011100
00000000000000000000000100100000
00000000000000000000000100101100
00000000000000000000000100101100
00000000000000000000000100101100
00000000000000000000000100101100
00000000000000000000000100101100
00000000000000000000000100101100
00000000000000000000000100101100
00000000000000000000010001000100
00000000000000000000010001000100
00000000000000000000010001000100
00000000000000000000010001000100
00000000000000000000010001000100
00000000000000000000010001000100
00000000000000000000010001000100
00000000000000000000010001000100
00000000000000000000010001000100
00000000000000000000010001000100
00000000000000000000000000000000
00000000000000000000000000000000
00000000000000000000000000000000
00000000000000000000000000000000
00000000000000000000010010001100
00000000000000000000010010001100
00000000000000000000010010001100
00000000000000000000010010001100
00000000000000000000010010001100
00000000000000000000010010001100
00000000000000000000000000000000
00000000000000000000000000000000
00000000000000000000000000000000
00000000000000000000000000000000
00000000000000000000010001111100
00000000000000000000010001111100
00000000000000000000010001111100
00000000000000000000010001111100
00000000000000000000010001111100
00000000000000000000010001111100
00000000000000000000000000000000
00000000000000000000000000000000
00000000000000000000000000000000
00000000000000000000000000000000
00000000000000000000010010000100
00000000000000000000010010000100
00000000000000000000010010000100
00000000000000000000010010000100
00000000000000000000010010000100
00000000000000000000010010000100
00000000000000000000000000000000
00000000000000000000000000000000
00000000000000000000000000000000
00000000000000000000010001111000
00000000000000000000010001111000
00000000000000000000010001111000
00000000000000000000010001111000
00000000000000000000010001111000
00000000000000000000010001111000
00000000000000000000010001001100
00000000000000000000010001001100
00000000000000000000010001001100
00000000000000000000010001001100
00000000000000000000010001001100
00000000000000000000010001001100
00000000000000000000010001001100
00000000000000000000010001001100
00000000000000000000010001001100
00000000000000000000010001001100
00000000000000000000000000000000
00000000000000000000000000000000
00000000000000000000000000000000
00000000000000000000010010010000
00000000000000000000010010010000
00000000000000000000010010010000
00000000000000000000010010010000
00000000000000000000010010010000
00000000000000000000010010010000
00000000000000000000000000000000
00000000000000000000000000000000
00000000000000000000000000000000
00000000000000000000000000000000
00000000000000000000000000000000
00000000000000000000000000000000
00000000000000000000000000000000
00000000000000000000000000000000
00000000000000000000000000000000
00000000000000000000000000000000
00000000000000000000000000000000
00000000000000000000000000000000
00000000000000000000000000000000
00000000000000000000000000000000
00000000000000000000000000000000
00000000000000000000000000000000
00000000000000000000000000000000
00000000000000000000000000000000
00000000000000000000000000000000
00000000000000000000011001111100
00000000000000000000011001111100
00000000000000000000011001111100
00000000000000000000011001111100
00000000000000000000011001111100
00000000000000000000011001111100
00000000000000000000000000000000
00000000000000000000000000000000
00000000000000000000000000000000
00000000000000000000000000000000
00000000000000000000000000000000
00000000000000000000010001010000
00000000000000000000010001010000
00000000000000000000010001010000
00000000000000000000010001010000
00000000000000000000010001010000
00000000000000000000010001010000
