00000000000000000000000000000000
00000000000000000000000000000000
00000000000000000000000000000100
00000000000000000000000000000100
00000000000000000000000000000100
00000000000000000000000000001000
00000000000000000000000000001000
00000000000000000000000000001000
00000000000000000000000000001000
00000000000000000000000000001100
00000000000000000000000000001100
00000000000000000000000000001100
00000000000000000000000000010000
00000000000000000000000010011000
00000000000000000000000010011000
00000000000000000000000010011000
00000000000000000000000010011100
00000000000000000000000010011100
00000000000000000000000010011100
00000000000000000000000010011100
00000000000000000000000010011100
00000000000000000000000010011100
00000000000000000000000010011100
00000000000000000000000010110100
00000000000000000000000011000100
00000000000000000000000011000100
00000000000000000000000011000100
00000000000000000000000011000100
00000000000000000000000011000100
00000000000000000000000011001000
00000000000000000000000011001100
00000000000000000000000011001100
00000000000000000000000011001100
00000000000000000000000011001100
00000000000000000000000011001100
00000000000000000000000011001100
00000000000000000000000011000000
00000000000000000000000111111100
00000000000000000000000111111100
00000000000000000000001000000000
00000000000000000000001011010100
00000000000000000000001011010100
00000000000000000000001011010100
00000000000000000000001011010100
00000000000000000000001011010100
00000000000000000000001011011000
00000000000000000000001101110000
00000000000000000000001101110000
00000000000000000000001101110000
00000000000000000000001101110000
00000000000000000000001101110000
00000000000000000000001101110000
00000000000000000000000110010100
00000000000000000000000001100100
00000000000000000000000001100100
00000000000000000000000001101010
00000000000000000000000010011110
00000000000000000000000010011110
00000000000000000000000010011110
00000000000000000000000010011110
00000000000000000000000010011110
00000000000000000000000010011110
00000000000000000000000010011110
00000000000000000000000010011110
00000000000000000000000010011110
00000000000000000000000010011110
00000000000000000000000010011110
00000000000000000000000100110100
00000000000000000000000101110000
00000000000000000000000101110000
00000000000000000000000101110000
00000000000000000000000101110000
00000000000000000000000101110000
00000000000000000000000101110000
00000000000000000000000101110000
00000000000000000000000101110000
00000000000000000000000010100000
00000000000000000000000010100100
00000000000000000000000010100100
00000000000000000000000010100100
00000000000000000000000010100100
00000000000000000000000010100100
00000000000000000000000010100100
00000000000000000000000010100100
00000000000000000000000010100100
00000000000000000000000010100100
00000000000000000000000010100100
00000000000000000000000010100100
00000000000000000000000010100100
00000000000000000000000100110100
00000000000000000000000110010000
00000000000000000000000110010000
00000000000000000000000110010000
00000000000000000000000110010000
00000000000000000000000110010000
00000000000000000000000110010000
00000000000000000000000111111110
00000000000000000000001100010100
00000000000000000000001100010100
00000000000000000000001100010100
00000000000000000000001100010100
00000000000000000000001100010100
00000000000000000000001100011010
00000000000000000000001101101000
00000000000000000000001101101000
00000000000000000000001101101000
00000000000000000000001101101000
00000000000000000000001101101000
00000000000000000000001101101110
00000000000000000000000010001000
00000000000000000000000010001000
00000000000000000000000010001110
00000000000000000000000010110010
00000000000000000000000010110010
00000000000000000000000010110010
00000000000000000000000010110010
00000000000000000000000010110010
00000000000000000000000010110010
00000000000000000000000010110010
00000000000000000000000010110010
00000000000000000000000010110010
00000000000000000000000010110010
00000000000000000000000010110010
00000000000000000000000100110100
00000000000000000000000000000000
00000000000000000000000000000000
00000000000000000000000000000110
00000000000000000000000000010100
00000000000000000000000000010100
00000000000000000000000000010100
00000000000000000000000000011010
00000000000000000000000111101100
00000000000000000000000111101100
00000000000000000000000111101100
00000000000000000000000111110000
00000000000000000000000111101100
00000000000000000000000111101100
00000000000000000000000111101100
00000000000000000000000111101100
00000000000000000000000111101100
00000000000000000000000111101100
00000000000000000000000111010000
00000000000000000000001101101000
00000000000000000000001101101000
00000000000000000000001101101000
00000000000000000000001101101000
00000000000000000000001101101000
00000000000000000000001101101000
00000000000000000000000010001000
00000000000000000000000010001000
00000000000000000000000010001000
00000000000000000000000000000000
00000000000000000000000000000000
00000000000000000000000000000000
00000000000000000000001011010100
00000000000000000000001011010100
00000000000000000000001011010100
00000000000000000000001011010100
00000000000000000000001011010100
00000000000000000000001011010100
00000000000000000000001011010100
00000000000000000000001011010100
00000000000000000000001011010100
00000000000000000000001011010100
00000000000000000000001011010100
00000000000000000000001011010100
00000000000000000000000100110100
00000000000000000000001011100100
00000000000000000000001011100100
00000000000000000000001011100100
00000000000000000000001011100100
00000000000000000000001011100100
00000000000000000000001011101000
00000000000000000000000011101000
00000000000000000000000011101000
00000000000000000000000011101000
00000000000000000000000011101000
00000000000000000000000011101000
00000000000000000000000011101000
00000000000000000000000011101000
00000000000000000000000011101000
00000000000000000000000011101000
00000000000000000000000011101000
00000000000000000000000011101000
00000000000000000000000011101000
00000000000000000000000011101000
00000000000000000000000011101000
00000000000000000000000011101000
00000000000000000000000011101000
00000000000000000000000011101000
00000000000000000000000011101000
00000000000000000000000011101000
00000000000000000000000011101000
00000000000000000000000011101000
00000000000000000000000011101000
00000000000000000000000011101000
00000000000000000000000011101000
00000000000000000000000011101000
00000000000000000000000101010100
00000000000000000000000111001100
00000000000000000000000111001100
00000000000000000000000111001100
00000000000000000000000111001100
00000000000000000000000111001100
00000000000000000000000111001100
00000000000000000000000111001100
00000000000000000000000011100000
00000000000000000000000011100000
00000000000000000000000011100000
00000000000000000000000011100100
00000000000000000000000011101100
00000000000000000000000011101100
00000000000000000000000011110000
00000000000000000000000100110100
00000000000000000000000100110100
00000000000000000000000100110100
00000000000000000000000100111000
00000000000000000000000011111100
00000000000000000000000011111100
00000000000000000000000011111100
00000000000000000000000011111100
00000000000000000000000011111100
00000000000000000000000011111100
00000000000000000000000011111100
00000000000000000000000101110100
00000000000000000000000110110000
00000000000000000000000110110000
00000000000000000000000110110000
00000000000000000000000110110000
00000000000000000000000110110000
00000000000000000000000110110000
00000000000000000000000000000000
00000000000000000000001101000100
00000000000000000000001101000100
00000000000000000000001101000100
00000000000000000000001101000100
00000000000000000000001101000100
00000000000000000000001101000100
00000000000000000000001101000100
00000000000000000000001101000100
00000000000000000000001101000100
00000000000000000000001101000100
00000000000000000000001101000100
00000000000000000000001101000100
00000000000000000000001101000100
00000000000000000000001101000100
00000000000000000000001101000100
00000000000000000000001101000100
00000000000000000000001101000100
00000000000000000000001101000100
00000000000000000000001101000100
00000000000000000000001101000100
00000000000000000000001101000100
00000000000000000000001101000100
00000000000000000000001101000100
00000000000000000000001101000100
00000000000000000000001101000100
00000000000000000000001101000100
00000000000000000000001101000100
00000000000000000000001101000100
00000000000000000000001101000100
00000000000000000000000100110100
00000000000000000000000100011100
00000000000000000000000100011100
00000000000000000000000100011100
00000000000000000000000100011100
00000000000000000000000100011100
00000000000000000000000100011100
00000000000000000000000100110100
00000000000000000000000101110000
00000000000000000000000101110000
00000000000000000000000101110000
00000000000000000000000101110000
00000000000000000000000101110000
00000000000000000000000101110000
00000000000000000000000101110000
00000000000000000000000101110000
00000000000000000000000000000000
11111111111111111111111111111100
11111111111111111111111111111100
11111111111111111111111111111100
11111111111111111111111111111100
11111111111111111111111111111100
11111111111111111111111111111100
11111111111111111111111111111100
11111111111111111111111111111100
11111111111111111111111111111100
11111111111111111111111111111100
00000000000000000000000100110100
00000000000000000000000110011100
00000000000000000000000110011100
00000000000000000000000110011100
00000000000000000000000110011100
00000000000000000000000110011100
00000000000000000000000110011100
00000000000000000000000110011100
00000000000000000000000100110100
00000000000000000000001001000100
00000000000000000000001001000100
00000000000000000000001001001000
00000000000000000000001001000100
00000000000000000000001001000100
00000000000000000000001001001000
00000000000000000000000100110000
00000000000000000000000100110000
00000000000000000000000100110100
00000000000000000000000011101000
00000000000000000000000011101000
00000000000000000000000011101000
00000000000000000000000011101000
00000000000000000000000011101000
00000000000000000000000011101000
00000000000000000000000011101000
00000000000000000000000011101000
00000000000000000000000011101000
00000000000000000000000011101000
00000000000000000000000011101000
00000000000000000000000011101000
00000000000000000000000011101000
00000000000000000000000011101000
00000000000000000000000011101000
00000000000000000000000011101000
00000000000000000000000011101000
00000000000000000000000011101000
00000000000000000000000011101000
00000000000000000000000011101000
00000000000000000000000011101000
00000000000000000000000011101000
00000000000000000110110110101100
00000000000000000000001001101100
00000000000000000000001001101100
00000000000000000000001001101100
00000000000000000000001001101100
00000000000000000000001001101100
00000000000000000000001001101100
00000000000000000000000100110100
00000000000000000000001111010000
00000000000000000000001111010000
00000000000000000000001111010000
00000000000000000000001111010000
00000000000000000000001111010000
00000000000000000000001111010000
00000000000000000000001111010000
00000000000000000000001111010000
00000000000000000000001111010000
00000000000000000000000100110100
00000000000000000000001111101100
00000000000000000000001111101100
00000000000000000000001111101100
00000000000000000000001111101100
00000000000000000000001111101100
00000000000000000000001111101100
00000000000000000000001111101100
00000000000000000000001111101100
00000000000000000000001111101100
00000000000000000000001111101100
00000000000000000000000100110100
00000000000000000000010100110100
00000000000000000000010100110100
00000000000000000000010100110100
00000000000000000000010100110100
00000000000000000000010100110100
00000000000000000000010100110100
00000000000000000000010100110100
00000000000000000000010100110100
00000000000000000000010100110100
00000000000000000000010100110100
00000000000000000000010100110100
00000000000000000000000111011000
00000000000000000000000111011000
00000000000000000000000111011000
00000000000000000000000111011000
00000000000000000000000111011000
00000000000000000000000111011000
00000000000000000000000111100110
00000000000000000000000111101100
00000000000000000000000111101100
00000000000000000000000111101100
00000000000000000000000111110010
00000000000000000000000111001000
00000000000000000000000111001000
00000000000000000000000111001110
00000000000000000000000111000000
00000000000000000000000111000000
00000000000000000000000111000000
00000000000000000000000111001000
00000000000000000000000111001000
00000000000000000000000111001000
00000000000000000000000111101100
00000000000000000000000111101100
00000000000000000000000111101100
00000000000000000000000111010000
00000000000000000000001111111100
00000000000000000000001111111100
00000000000000000000001111111100
00000000000000000000001111111100
00000000000000000000001111111100
00000000000000000000001111111100
00000000000000000000001111111100
00000000000000000000001111111100
00000000000000000000001111111100
00000000000000000000000100110100
00000000000000000000001110111100
00000000000000000000001110111100
00000000000000000000001110111100
00000000000000000000001110111100
00000000000000000000001110111100
00000000000000000000001110111100
00000000000000000000001110111100
00000000000000000000001110111100
00000000000000000000001110111100
00000000000000000000000100110100
00000000000000000000000001101000
00000000000000000000000001101000
00000000000000000000000001101000
00000000000000000000000001101000
00000000000000000000001010010000
00000000000000000000001010010000
00000000000000000000001010010000
00000000000000000000001010010000
00000000000000000000001010010000
00000000000000000000001010010000
00000000000000000000001010010000
00000000000000000000000000000000
00000000000000000000000000000000
00000000000000000000000000000000
00000000000000000000000000000000
00000000000000000000000000000000
00000000000000000000000000000000
00000000000000000000000000000000
00000000000000000000000000000000
00000000000000000000000000000000
00000000000000000000000000000000
00000000000000000000000000000000
00000000000000000000000000000000
00000000000000000000000000000000
00000000000000000000000000000000
00000000000000000000000000000000
00000000000000000000000000000000
00000000000000000000000000000000
00000000000000000000000000000000
00000000000000000000000000000000
00000000000000000000000000000000
00000000000000000000000000000000
00000000000000000000000000000000
00000000000000000000000000000000
00000000000000000000000000000000
00000000000000000000000000000000
00000000000000000000000000000000
00000000000000000000000000000000
00000000000000000000000000000000
00000000000000000000000000000000
00000000000000000000000000000000
00000000000000000000000000011000
00000000000000000000000000011000
00000000000000000000000000011000
00000000000000000000000000011000
00000000000000000000000000000100
00000000000000000000000000000100
00000000000000000000000000000000
00000000000000000000000000000100
00000000000000000000000000000100
00000000000000000000000000000000
00000000000000000000000000000100
00000000000000000000000000000100
00000000000000000000000000000100
00000000000000000000000000000000
00000000000000000000000000000100
00000000000000000000000000000100
00000000000000000000000000000000
00000000000000000000000000000100
00000000000000000000000000000100
00000000000000000000000000000000
00000000000000000000000000000100
00000000000000000000000000000100
00000000000000000000000000000000
00000000000000000000000111010000
00000000000000000000000111010000
00000000000000000000000111010000
00000000000000000000000111010000
00000000000000000000000111010000
00000000000000000000000111010000
00000000000000000000000111010100
00000000000000000000000110100000
00000000000000000000000110100000
00000000000000000000000110100000
00000000000000000000000110100000
00000000000000000000000110110000
00000000000000000000000110110000
00000000000000000000000110110000
00000000000000000000000110100000
00000000000000000000000011111100
00000000000000000000000011111100
00000000000000000000000000000000
00000000000000000000000011101000
00000000000000000000000011101000
00000000000000000000000011101000
00000000000000000000000011101000
00000000000000000000000011101000
00000000000000000000000011101000
00000000000000000000000011101000
00000000000000000000000011101000
00000000000000000000000011101000
00000000000000000000000011101000
00000000000000000000000011101000
00000000000000000000000011101000
00000000000000000000000011101000
00000000000000000000000011101000
00000000000000000000000011101000
00000000000000000000000011101000
00000000000000000000000011101000
00000000000000000000000011101000
00000000000000000000000011101000
00000000000000000000000011101000
00000000000000000000000011101000
00000000000000000000000011101000
00000000000000000000000011101000
00000000000000000000000011101000
00000000000000000000000011101000
00000000000000000000000000110100
00000000000000000000000100000000
00000000000000000000000100000000
00000000000000000000000100000000
00000000000000000000000100000100
00000000000000000000000100000100
00000000000000000000000100000000
00000000000000000000000010110000
00000000000000000000000010110000
00000000000000000000000010110000
00000000000000000000000010110000
00000000000000000000000010110000
00000000000000000000000010110000
00000000000000000000000000000000
00000000000000000000010000110100
00000000000000000000010000110100
00000000000000000000010000110100
00000000000000000000010000110100
00000000000000000000010000110100
00000000000000000000010000110100
00000000000000000000010000110100
00000000000000000000010000110100
00000000000000000000010000110100
00000000000000000000010000110100
00000000000000000000000000110100
00000000000000000000000010011110
00000000000000000000000010011110
00000000000000000000000010011110
00000000000000000000000010011110
00000000000000000000000010011110
00000000000000000000000010011110
00000000000000000000000010011110
00000000000000000000000010011110
00000000000000000000000010011110
00000000000000000000000010011110
00000000000000000000000010011110
00000000000000000000000100110110
00000000000000000000000110011110
00000000000000000000000110011110
00000000000000000000000110011110
00000000000000000000000110011110
00000000000000000000000110011110
00000000000000000000000110011110
00000000000000000000000110011110
00000000000000000000000110011110
00000000000000000000000110011110
00000000000000000000000110011110
00000000000000000000000100110110
00000000000000000000000011101000
00000000000000000000000011101000
00000000000000000000000011101000
00000000000000000000000011101000
00000000000000000000000011101000
00000000000000000000000011101000
00000000000000000000000011101000
00000000000000000000000100110100
00000000000000000000001100100000
00000000000000000000001100100000
00000000000000000000001100100000
00000000000000000000001100100000
00000000000000000000001100100000
00000000000000000000001100100100
00000000000000000000000101010000
00000000000000000000000101010000
00000000000000000000000101010000
00000000000000000000000101010100
00000000000000000000001110111000
00000000000000000000001110111000
00000000000000000000001110111000
00000000000000000000001110111000
00000000000000000000001110111000
00000000000000000000001110111000
00000000000000000000001110111000
00000000000000000000001110111000
00000000000000000000001110111000
00000000000000000000000110110100
00000000000000000000001110111000
00000000000000000000001110111000
00000000000000000000001110111000
00000000000000000000001110111000
00000000000000000000001110111000
00000000000000000000001110111000
00000000000000000000001110111000
00000000000000000000001110111000
00000000000000000000001110111000
00000000000000000000000100110100
00000000000000000000001111001000
00000000000000000000001111001000
00000000000000000000001111001000
00000000000000000000001111001000
00000000000000000000001111001000
00000000000000000000001111001000
00000000000000000000001111001000
00000000000000000000001111001000
00000000000000000000001111001000
00000000000000000000000100110100
00000000000000000000001110110100
00000000000000000000001110110100
00000000000000000000001110110100
00000000000000000000001110110100
00000000000000000000001110110100
00000000000000000000001110110100
00000000000000000000001110110100
00000000000000000000001110110100
00000000000000000000001110110100
00000000000000000000001100110100
00000000000000000000001110110100
00000000000000000000001110110100
00000000000000000000001110110100
00000000000000000000001110110100
00000000000000000000001110110100
00000000000000000000001110110100
00000000000000000000001110110100
00000000000000000000001110110100
00000000000000000000001110110100
00000000000000000000000100110100
00000000000000000000001111010000
00000000000000000000001111010000
00000000000000000000001111010000
00000000000000000000001111010000
00000000000000000000001111010000
00000000000000000000001111010000
00000000000000000000001111010000
00000000000000000000001111010000
00000000000000000000001111010000
00000000000000000000001100110100
00000000000000000000001111101100
00000000000000000000001111101100
00000000000000000000001111101100
00000000000000000000001111101100
00000000000000000000001111101100
00000000000000000000001111101100
00000000000000000000001111101100
00000000000000000000001111101100
00000000000000000000001111101100
00000000000000000000001111101100
00000000000000000000001100110100
00000000000000000000000100101100
00000000000000000000000100101100
00000000000000000000000100110100
00000000000000000000000101000100
00000000000000000000000101000100
00000000000000000000000101000100
00000000000000000000000101001000
00000000000000000000000100110000
00000000000000000000000100110000
00000000000000000000000100110100
00000000000000000000001001111100
00000000000000000000001001111100
00000000000000000000001001111100
00000000000000000000001001111100
00000000000000000000001001111100
00000000000000000000001001111100
00000000000000000000001001111100
00000000000000000000001001111100
00000000000000000000001001111100
00000000000000000000001001111100
00000000000000000000001001111100
00000000000000000000001001111100
00000000000000000000000101110100
00000000000000000000001111111100
00000000000000000000001111111100
00000000000000000000001111111100
00000000000000000000001111111100
00000000000000000000001111111100
00000000000000000000001111111100
00000000000000000000001111111100
00000000000000000000001111111100
00000000000000000000001111111100
00000000000000000000001100110100
00000000000000000000001110111100
00000000000000000000001110111100
00000000000000000000001110111100
00000000000000000000001110111100
00000000000000000000001110111100
00000000000000000000001110111100
00000000000000000000001110111100
00000000000000000000001110111100
00000000000000000000001110111100
00000000000000000000001100110100
00000000000000000000000000000000
00000000000000000000000000000000
00000000000000000000000000000000
00000000000000000000000000000000
00000000000000000000000100110000
00000000000000000000000100110000
00000000000000000000000100110000
00000000000000000000000100110100
00000000000000000000000101010000
00000000000000000000000101010000
00000000000000000000000101010000
00000000000000000000000101010000
00000000000000000000000101010000
00000000000000000000000101010000
00000000000000000000000101010000
00000000000000000000000101010000
00000000000000000000000010000000
00000000000000000000000010000100
00000000000000000000000010000100
00000000000000000000000010000100
00000000000000000000000010000100
00000000000000000000000010000100
00000000000000000000000010000100
00000000000000000000000010000100
00000000000000000000000010000100
00000000000000000000000010000100
00000000000000000000000010000100
00000000000000000000000010000100
00000000000000000000000010000100
00000000000000000000000010000100
00000000000000000000000010000100
00000000000000000000000010000100
00000000000000000000000010000100
00000000000000000000000010000100
00000000000000000000000010000100
00000000000000000000000010000100
00000000000000000000000010000100
00000000000000000000000010000100
00000000000000000000000010000100
00000000000000000000000010000100
00000000000000000000000010000100
00000000000000000000000010000100
00000000000000000000000010000100
00000000000000000000000010000100
00000000000000000000000010000100
00000000000000000000000010000100
00000000000000000000000100100100
00000000000000000000001001001000
00000000000000000000001001001000
00000000000000000000001001001000
00000000000000000000001001001000
00000000000000000000001001001000
00000000000000000000001001001000
00000000000000000000001001001000
00000000000000000000001001001000
00000000000000000000000100111100
00000000000000000000000100111100
00000000000000000000000100111100
00000000000000000000000101000100
00000000000000000000000100101100
00000000000000000000000100101100
00000000000000000000000100101100
00000000000000000000000100101100
00000000000000000000000100101100
00000000000000000000000100110100
00000000000000000000001011101000
00000000000000000000001011101000
00000000000000000000001011101000
00000000000000000000001011101000
00000000000000000000001011101000
00000000000000000000001011101000
00000000000000000000001011101100
00000000000000000000001110101000
00000000000000000000001110101000
00000000000000000000001110101000
00000000000000000000001110101000
00000000000000000000001110101000
00000000000000000000001110101000
00000000000000000000001110101000
00000000000000000000001110101000
00000000000000000000001110101000
00000000000000000000000100111100
00000000000000000000001110111000
00000000000000000000001110111000
00000000000000000000001110111000
00000000000000000000001110111000
00000000000000000000001110111000
00000000000000000000001110111000
00000000000000000000001110111000
00000000000000000000001110111000
00000000000000000000001110111000
00000000000000000000000100110100
00000000000000000000000100110000
00000000000000000000000100110000
00000000000000000000000100110000
00000000000000000000000100110000
00000000000000000000000100110000
00000000000000000000000100110100
00000000000000000000001111100100
00000000000000000000001111100100
00000000000000000000001111100100
00000000000000000000001111100100
00000000000000000000001111100100
00000000000000000000001111100100
00000000000000000000001111100100
00000000000000000000001111100100
00000000000000000000001111100100
00000000000000000000000110110100
00000000000000000000001101001100
00000000000000000000001101001100
00000000000000000000001101001100
00000000000000000000001101010000
00000000000000000000000110111000
00000000000000000000000110111000
00000000000000000000000110111000
00000000000000000000000110111000
00000000000000000000000110111000
00000000000000000000000110111000
00000000000000000000000110111000
00000000000000000000000110111000
00000000000000000000000111010000
00000000000000000000000111010000
00000000000000000000000111010000
00000000000000000000000111010000
00000000000000000000000111010000
00000000000000000000000111010000
00000000000000000000001001111100
00000000000000000000000111000000
00000000000000000000000111000000
00000000000000000000000111000000
00000000000000000000010001100000
00000000000000000000010001100000
00000000000000000000010001100000
00000000000000000000010001100000
00000000000000000000010001100000
00000000000000000000010001100000
00000000000000000000010001100000
00000000000000000000010001100000
00000000000000000000010001100000
00000000000000000000000100110100
00000000000000000000010010100000
00000000000000000000010010100000
00000000000000000000010010100000
00000000000000000000010010100000
00000000000000000000010010100000
00000000000000000000010010100000
00000000000000000000010010100000
00000000000000000000010010100000
00000000000000000000010010100000
00000000000000000000000100110100
00000000000000000000010001001000
00000000000000000000010001001000
00000000000000000000010001001000
00000000000000000000010001001000
00000000000000000000010001001000
00000000000000000000010001001000
00000000000000000000010001001000
00000000000000000000010001001000
00000000000000000000010001001000
00000000000000000000000100110100
00000000000000000000001000111100
00000000000000000000001000111100
00000000000000000000001000111100
00000000000000000000001000111100
00000000000000000000001000111100
00000000000000000000001000111100
00000000000000000000001000111100
00000000000000000000001000000100
00000000000000000000010001000100
00000000000000000000010001000100
00000000000000000000010001000100
00000000000000000000010001000100
00000000000000000000010001000100
00000000000000000000010001000100
00000000000000000000010001000100
00000000000000000000010001000100
00000000000000000000010001000100
00000000000000000000000100110100
00000000000000000000001100110100
00000000000000000000001100110100
00000000000000000000001100110100
00000000000000000000001100110100
00000000000000000000001100110100
00000000000000000000001100110100
00000000000000000000001100110100
00000000000000000000001100110100
00000000000000000000001100110100
00000000000000000000001100110100
00000000000000000000001100110100
00000000000000000000001100110100
00000000000000000000001100110100
00000000000000000000001100110100
00000000000000000000001100110100
00000000000000000000001100110100
00000000000000000000001100110100
00000000000000000000001100110100
00000000000000000000001100110100
00000000000000000000001100110100
00000000000000000000001100110100
00000000000000000000001100110100
00000000000000000000001100110100
00000000000000000000001100110100
00000000000000000000001100110100
00000000000000000000001100110100
00000000000000000000001100110100
00000000000000000000001100110100
00000000000000000000001100110100
00000000000000000000001100110100
00000000000000000000001100110100
00000000000000000000010010111000
00000000000000000000010010111000
00000000000000000000010010111000
00000000000000000000010010111000
00000000000000000000010010111000
00000000000000000000010010111000
00000000000000000000010010111000
00000000000000000000010010111000
00000000000000000000000100110100
00000000000000000000000011001100
00000000000000000000000011001100
00000000000000000000000011001100
00000000000000000000000011001100
00000000000000000000000011001100
00000000000000000000000011001100
00000000000000000000000011010000
00000000000000000000010001101000
00000000000000000000010001101000
00000000000000000000010001101000
00000000000000000000010001101000
00000000000000000000010001101000
00000000000000000000010001101000
00000000000000000000010001101000
00000000000000000000010001101000
00000000000000000000000100110100
00000000000000000000010001110100
00000000000000000000010001110100
00000000000000000000010001110100
00000000000000000000010001110100
00000000000000000000010001110100
00000000000000000000010001110100
00000000000000000000010001110100
00000000000000000000010001110100
00000000000000000000010001110100
00000000000000000000000100110100
00000000000000000000010010101000
00000000000000000000010010101000
00000000000000000000010010101000
00000000000000000000010010101000
00000000000000000000010010101000
00000000000000000000010010101000
00000000000000000000010010101000
00000000000000000000010010101000
00000000000000000000010010101000
00000000000000000000000100110100
00000000000000000000000100100000
00000000000000000000000100100000
00000000000000000000000100100000
00000000000000000000000100100000
00000000000000000000000100100000
00000000000000000000000100100000
00000000000000000000000100100000
00000000000000000000000100100100
00000000000000000000010001011000
00000000000000000000010001011000
00000000000000000000010001011000
00000000000000000000010001011000
00000000000000000000010001011000
00000000000000000000010001011000
00000000000000000000010001011000
00000000000000000000010001011000
00000000000000000000010001011000
00000000000000000000000100110100
00000000000000000000010001011100
00000000000000000000010001011100
00000000000000000000010001011100
00000000000000000000010001011100
00000000000000000000010001011100
00000000000000000000010001011100
00000000000000000000010001011100
00000000000000000000010001011100
00000000000000000000010001011100
00000000000000000000000100110100
00000000000000000000010001001100
00000000000000000000010001001100
00000000000000000000010001001100
00000000000000000000010001001100
00000000000000000000010001001100
00000000000000000000010001001100
00000000000000000000010001001100
00000000000000000000010001001100
00000000000000000000010001001100
00000000000000000000000100110100
00000000000000000000010001010100
00000000000000000000010001010100
00000000000000000000010001010100
00000000000000000000010001010100
00000000000000000000010001010100
00000000000000000000010001010100
00000000000000000000010001010100
00000000000000000000010001010100
00000000000000000000010001010100
00000000000000000000010001010100
00000000000000000000000100110100
00000000000000000000010010000000
00000000000000000000010010000000
00000000000000000000010010000000
00000000000000000000010010000000
00000000000000000000010010000000
00000000000000000000010010000000
00000000000000000000010010000000
00000000000000000000010010000000
00000000000000000000000100110100
00000000000000000000010010100000
00000000000000000000010010100000
00000000000000000000010010100000
00000000000000000000010010100000
00000000000000000000010010100000
00000000000000000000010010100000
00000000000000000000010010100000
00000000000000000000010010100000
00000000000000000000010010100000
00000000000000000000000110110100
00000000000000000000010001101000
00000000000000000000010001101000
00000000000000000000010001101000
00000000000000000000010001101000
00000000000000000000010001101000
00000000000000000000010001101000
00000000000000000000010001101000
00000000000000000000010001101000
00000000000000000000000101110100
00000000000000000000010001110100
00000000000000000000010001110100
00000000000000000000010001110100
00000000000000000000010001110100
00000000000000000000010001110100
00000000000000000000010001110100
00000000000000000000010001110100
00000000000000000000010001110100
00000000000000000000010001110100
00000000000000000000000101110100
00000000000000000000010001111100
00000000000000000000010001111100
00000000000000000000010001111100
00000000000000000000010001111100
00000000000000000000010001111100
00000000000000000000010001111100
00000000000000000000010001101000
00000000000000000000010010101000
00000000000000000000010010101000
00000000000000000000010010101000
00000000000000000000010010101000
00000000000000000000010010101000
00000000000000000000010010101000
00000000000000000000010010101000
00000000000000000000010010101000
00000000000000000000010010101000
00000000000000000000000110110100
00000000000000000000010010111000
00000000000000000000010010111000
00000000000000000000010010111000
00000000000000000000010010111000
00000000000000000000010010111000
00000000000000000000010010111000
00000000000000000000010010111000
00000000000000000000010010111000
00000000000000000000000110110100
00000000000000000000010011001000
00000000000000000000010011001000
00000000000000000000010011001000
00000000000000000000010011001000
00000000000000000000010011001000
00000000000000000000010011001000
00000000000000000000010011001000
00000000000000000000010011001000
00000000000000000000010011001000
00000000000000000000000110110100
00000000000000000000001110111000
00000000000000000000001110111000
00000000000000000000001110111000
00000000000000000000001110111000
00000000000000000000001110111000
00000000000000000000001110111000
00000000000000000000001110111000
00000000000000000000001110111000
00000000000000000000001110111000
00000000000000000000001110111000
00000000000000000000001110111000
00000000000000000000001110111000
00000000000000000000001110111000
00000000000000000000001110111000
00000000000000000000001110111000
00000000000000000000001110111000
00000000000000000000001110111000
00000000000000000000001110111000
00000000000000000000001110111000
00000000000000000000001110111000
00000000000000000000001110111000
00000000000000000000001110111000
00000000000000000000001110111000
00000000000000000000001110111000
00000000000000000000001110111000
00000000000000000000001110111000
00000000000000000000001110111000
00000000000000000000001110111000
00000000000000000000001110111000
00000000000000000000001110111000
00000000000000000000000100110000
00000000000000000000000100101100
00000000000000000000000100101100
00000000000000000000000100101100
00000000000000000000000100100000
00000000000000000000000100101100
00000000000000000000000100101100
00000000000000000000000100101100
00000000000000000000000100101100
00000000000000000000000100101100
00000000000000000000000100101100
00000000000000000000000100101100
00000000000000000000010001000100
00000000000000000000010001000100
00000000000000000000010001000100
00000000000000000000010001000100
00000000000000000000010001000100
00000000000000000000010001000100
00000000000000000000010001000100
00000000000000000000010001000100
00000000000000000000010001000100
00000000000000000000000101001100
00000000000000000000010010001100
00000000000000000000010010001100
00000000000000000000010010001100
00000000000000000000010010001100
00000000000000000000010010001100
00000000000000000000010010001100
00000000000000000000010010001100
00000000000000000000010010001100
00000000000000000000010010001100
00000000000000000000000100110100
00000000000000000000010001111100
00000000000000000000010001111100
00000000000000000000010001111100
00000000000000000000010001111100
00000000000000000000010001111100
00000000000000000000010001111100
00000000000000000000010001111100
00000000000000000000010001111100
00000000000000000000010001111100
00000000000000000000000100110100
00000000000000000000010010000100
00000000000000000000010010000100
00000000000000000000010010000100
00000000000000000000010010000100
00000000000000000000010010000100
00000000000000000000010010000100
00000000000000000000010010000100
00000000000000000000010010000100
00000000000000000000010010000100
00000000000000000000000100110100
00000000000000000000010001111000
00000000000000000000010001111000
00000000000000000000010001111000
00000000000000000000010001111000
00000000000000000000010001111000
00000000000000000000010001111000
00000000000000000000010001111000
00000000000000000000010001111000
00000000000000000000000100111100
00000000000000000000010001001100
00000000000000000000010001001100
00000000000000000000010001001100
00000000000000000000010001001100
00000000000000000000010001001100
00000000000000000000010001001100
00000000000000000000010001001100
00000000000000000000010001001100
00000000000000000000010001001100
00000000000000000000000100111100
00000000000000000000010010010000
00000000000000000000010010010000
00000000000000000000010010010000
00000000000000000000010010010000
00000000000000000000010010010000
00000000000000000000010010010000
00000000000000000000010010010000
00000000000000000000010010010000
00000000000000000000000100110100
00000000000000000000000011111100
00000000000000000000000011111100
00000000000000000000000011111100
00000000000000000000000011111100
00000000000000000000000011111100
00000000000000000000000011111100
00000000000000000000000100110100
00000000000000000000000110110100
00000000000000000000000110110100
00000000000000000000000110110100
00000000000000000000000110110100
00000000000000000000000110110100
00000000000000000000000110110100
00000000000000000000000110110100
00000000000000000000000110110100
00000000000000000000011001111100
00000000000000000000011001111100
00000000000000000000011001111100
00000000000000000000011001111100
00000000000000000000011001111100
00000000000000000000011001111100
00000000000000000000011001111100
00000000000000000000011001111100
00000000000000000000011001111100
00000000000000000000001100110100
00000000000000000000010001010000
00000000000000000000010001010000
00000000000000000000010001010000
00000000000000000000010001010000
00000000000000000000010001010000
00000000000000000000010001010000
00000000000000000000010001010000
00000000000000000000010001010000
00000000000000000000010001010000
00000000000000000000010001010000
00000000000000000000000100110100
