00000000000000000000000000000000
00000000000000000000000000000000
00000000000000000000000000000000
00000000000000000000000000000000
00000000000000000010000000000000
00000000000000000010000000000000
00000000000000000010000000000000
00000000000000000001100000000000
00000000000000000001100000000000
00000000000000000001100000000000
00000000000000000001100000000000
00000000000000000000000000000000
00000000000000000000000000000000
10000000000000000000000010010000
00000000000000000000010000000100
00000000000000000000010000000100
00000000000000000000010000000100
00000000000000000000010000000100
10000000000000000000000000000000
10000000000000000000000000000000
10000000000000000000000000000000
10000000000000000000000000000000
10000000000000000000000000000000
10000000000000000000000000000000
10000000000000000000000000000000
10000000000000000000000000000000
10000000000000000000000000000000
10000000000000000000000000000000
10000000000000000000000000000000
10000000000000000000000000000000
10000000000000000000000000000000
00000000000000000000000000000000
00000000000000000000000000000000
00000000000000000000000000000000
00000000000000000000000000000000
00000000000000000000000000000000
00000000000000000000000000000000
00000000000000000000000000000000
10000000000000000000000000000000
10000000000000000000000000000000
00000000000000000000000000000000
00000000000000000000001110100000
00000000000000000000001110100000
00000000000000000000001110100000
00000000000000000000001110100000
00000000000000000000001110100000
10000000000000000001111111011100
00000000000000000000000110010100
00000000000000000000000110010100
00000000000000000000000110010100
00000000000000000000000110010100
00000000000000000000000110010100
00000000000000000000000110010100
00000000000000000000000000000000
00000000000000000000000000000000
00000000000000000000000000000000
00000000000000000000010000000100
10000000000000000000000000000010
10000000000000000000000000000010
10000000000000000000000000000010
10000000000000000000000000000010
10000000000000000000000000000010
10000000000000000000000000000010
10000000000000000000000000000010
10000000000000000000000000000010
10000000000000000000000000000010
10000000000000000000000000000010
10000000000000000000000000000010
00000000000000000000000000000000
00000000000000000000000000000000
00000000000000000000000000000000
00000000000000000000000000000000
00000000000000000000000000000000
00000000000000000000000000000000
00000000000000000000000000000000
00000000000000000000000000000000
00000000000000000000000000000000
00000000000000000000010000000100
10000000000000000000000000000010
10000000000000000000000000000010
10000000000000000000000000000010
10000000000000000000000000000010
10000000000000000000000000000010
10000000000000000000000000000010
10000000000000000000000000000010
10000000000000000000000000000010
10000000000000000000000000000010
10000000000000000000000000000010
10000000000000000000000000000010
10000000000000000000000000000010
10000000000000000001111111101100
00000000000000000000000000000000
00000000000000000000000000000000
00000000000000000000000000000000
00000000000000000000000000000000
00000000000000000000000000000000
00000000000000000000000000000000
10000000000000000000000000100100
10000000000000000000000000100100
10000000000000000000000000100100
10000000000000000000000000100100
10000000000000000000000000100100
10000000000000000000000000100100
10000000000000000000000001100100
10000000000000000001111111011100
10000000000000000001111111011100
10000000000000000001111111011100
10000000000000000001111111011100
10000000000000000001111111011100
00000000000000000000000000000000
00000000000000000000000000000000
00000000000000000000000000000000
10000000000000000000000000000000
00000000000000000000000000000000
00000000000000000000000000000000
00000000000000000000000000000000
00000000000000000000000000000000
00000000000000000000000000000000
00000000000000000000000000000000
00000000000000000000000000000000
00000000000000000000000000000000
00000000000000000000000000000000
00000000000000000000000000000000
00000000000000000000000000000000
00000000000000000000000000000000
00000000000000000000000000000000
00000000000000000000000000000000
00000000000000000000000000001100
00000000000000000000000100110100
00000000000000000000000100110100
00000000000000000000000100110100
10000000000000000000000001011000
00000000000000000000000000010111
00000000000000000000000000010111
00000000000000000000000000010111
10000000000000000000000000000000
00000000000000000000000000000001
00000000000000000000000000000001
00000000000000000000000000000001
00000000000000000000000000000001
00000000000000000000000000000001
00000000000000000000000000000001
10000000000000000000000001100100
10000000000000000001111111011100
10000000000000000001111111011100
10000000000000000001111111011100
10000000000000000001111111011100
10000000000000000001111111011100
00000000000000000000000000000000
00000000000000000000000000000000
00000000000000000000000000000000
00000000000000000000000000000000
00000000000000000000000000000000
00000000000000000000000000000000
00000000000000000000000000000000
00000000000000000000001110100101
00000000000000000000001110100101
00000000000000000000001110100101
00000000000000000000001110100101
00000000000000000000001110100101
00000000000000000000001110100101
00000000000000000000001110100101
00000000000000000000001110100101
00000000000000000000001110100101
00000000000000000000001110100101
00000000000000000000001110100101
00000000000000000000001110100101
00000000000000000000001011101000
00000000000000000000001011101000
00000000000000000000001011101000
00000000000000000000001011101000
00000000000000000000001011101000
00000000000000000000001011101000
00000000000000000000001011010000
00000010000000000000010000010011
00000010000000000000010000010011
00000010000000000000010000010011
00000010000000000000010000010011
00000010000000000000010000010011
00000010000000000000010000010011
00000010000000000000010000010011
00000010000000000000010000010011
00000010000000000000010000010011
00000010000000000000010000010011
00000010000000000000010000010011
00000010000000000000010000010011
00000010000000000000010000010011
00000010000000000000010000010011
00000010000000000000010000010011
00000010000000000000010000010011
00000010000000000000010000010011
00000010000000000000010000010011
00000010000000000000010000010011
00000010000000000000010000010011
00000010000000000000010000010011
00000010000000000000010000010011
00000010000000000000010000010011
00000010000000000000010000010011
00000010000000000000010000010011
00000000000000000000000000011000
00000000000000000000000000000000
00000000000000000000000000000000
00000000000000000000000000000000
00000000000000000000000000000000
00000000000000000000000000000000
00000000000000000000000000000000
00000000000000000000000000000000
00000000000000000000000011100100
00000000000000000000000011100100
00000000000000000000000011100100
00000000000000000000000000000000
00000000000000000000000011110000
00000000000000000000000011110000
00110100001000000010010001110011
00000000000000000000000100111000
00000000000000000000000100111000
00000000000000000000000100111000
00000000000000000000000000000000
00000000000000000000000000000000
00000000000000000000000000000000
00000000000000000000000000000000
00000000000000000000000000000000
00000000000000000000000000000000
00000000000000000000000000000000
00000000000000000000000000000000
10000000000000000001111111111100
00000000000000000000000000000000
00000000000000000000000000000000
00000000000000000000000000000000
00000000000000000000000000000000
00000000000000000000000000000000
00000000000000000000000000000000
00000000000000000000000101001000
00000000000000000000000100110100
00000000000000000000000100110100
00000000000000000000000100110100
00000000000000000000000100110100
00000000000000000000000100110100
00000000000000000000000100110100
00000000000000000000000100110100
00000000000000000000000100110100
00000000000000000000000100110100
00000000000000000000000100110100
00000000000000000000000100110100
00000000000000000000000100110100
00000000000000000000000100110100
00000000000000000000000100110100
00000000000000000000000100110100
00000000000000000000000100110100
00000000000000000000000100110100
00000000000000000000000100110100
00000000000000000000000100110100
00000000000000000000000100110100
00000000000000000000000100110100
00000000000000000000000100110100
00000000000000000000000100110100
00000000000000000000000100110100
00000000000000000000000100110100
00000000000000000000000100110100
00000000000000000000000100110100
00000000000000000000000100110100
00000000000000000000000100110100
00000000000000000000010000000100
10000000000000000000000010000000
10000000000000000000000010000000
10000000000000000000000010000000
10000000000000000000000010000000
10000000000000000000000010000000
10000000000000000000000010000000
00000000000000000000000000000000
00000000000000000000000000000000
00000000000000000000000000000000
00000000000000000000000000000000
00000000000000000000000000000000
00000000000000000000000000000000
00000000000000000000000000000000
00000000000000000000000000000000
00000000000000000000000000000000
00000000000000000000000000000000
00000000000000000000000000000000
00000000000000000000000000000000
00000000000000000000000000000000
00000000000000000000000000000000
00000000000000000000000000000000
00000000000000000000000000000000
00000000000000000000000000000000
00000000000000000000000000000000
00000000000000000000000000000000
00000000000000000000000000000000
00000000000000000000000000000000
00000000000000000000000000000000
00000000000000000000000000000000
00000000000000000000000000000000
00000000000000000000000000000000
00000000000000000000000000000000
00000000000000000000000000000000
00000000000000000000000000000000
00000000000000000000000000000000
00000000000000000000000000000100
00000000000000000000000000000100
00000000000000000000000000000000
00000000000000000000001001001000
00000000000000000000001001001000
10000000000000000000000100101000
10000000000000000000100100000000
10000000000000000000100100000000
10000000000000000000000000010000
00000000000000000110110110101100
00000000000000000110110110101100
00000000000000000110110110101100
00000000000000000000000011101100
00000000000000000000000011101100
00000000000000000000000011101100
00000000000000000000000011101100
00000000000000000000000011101100
00000000000000000000000011101100
00000000000000000000000011101100
00000000000000000000000011101100
00000000000000000000000011101100
00000000000000000000000011101100
00000000000000000000000011101100
00000000000000000000000011101100
00000000000000000000000011101100
00000000000000000000000011101100
00000000000000000000000011101100
00000000000000000000000011101100
00000000000000000000000011101100
00000000000000000000000011101100
00000000000000000000000011101100
00000000000000000000000000000000
00000000000000000000000100110100
00000000000000000000000100110100
00000000000000000000000100110100
00000000000000000000000100110100
00000000000000000000000100110100
00000000000000000000000100110100
00000000000000000000000000000000
00000000000000000000000000000000
00000000000000000000000000000000
00000000000000000000000000000000
00000000000000000000000000000000
00000000000000000000000000000000
00000000000000000000000000000000
00000000000000000000000000000000
00000000000000000000000000000000
00000000000000000000000000000000
00000000000000000000000000000000
00000000000000000000000000000000
00000000000000000000000000000000
00000000000000000000000000000000
00000000000000000000000000000000
00000000000000000000000000000000
00000000000000000000000000000000
00000000000000000000000000000000
00000000000000000000000000000000
00000000000000000000000000000000
00000000000000000000000000000000
00000000000000000000000000000000
00000000000000000000000000000000
00000000000000000000000000000000
00000000000000000000000000000000
00000000000000000000000000000000
00000000000000000000000000000000
00000000000000000000000000000000
00000000000000000000000000000000
00000000000000000000000000000000
00000000000000000000000000000000
00000000000000000000000000000000
10000000000000000000000000000000
00000000000000000001010011010111
00000000000000000001010011010111
00000000000000000001010011010111
00000000000000000001010011010111
00000000000000000001010011010111
00000000000000000001010011010111
10000000000000000000000000000000
00000000000000000000000000000001
00000000000000000000000000000001
00000000000000000000000000000001
00000000000000000000000000000000
00000000000000000000000000011000
00000000000000000000000000011000
00000000000000000000000000001100
10000000000000000000000000000000
10000000000000000000000000000000
00000000000000000000000000000000
00000000000000000000000000011000
00000000000000000000000000011000
10000000000000000000000000000000
00000000000000000000000000000001
00000000000000000000000000000001
00000000000000000000000000000001
00000000000000000000000000000000
00000000000000000000000000000000
00000000000000000000000000000000
00000000000000000000000000000000
00000000000000000000000000000000
00000000000000000000000000000000
00000000000000000000000000000000
00000000000000000000000000000000
00000000000000000000000000000000
00000000000000000000000000000000
00000000000000000110001010001110
00000000000000000000000000000000
00000000000000000000000000000000
00000000000000000000000000000000
00000000000000000000000000000000
00000000000000000000000000000000
00000000000000000000000000000000
00000000000000000000000000000000
00000000000000000000000000000000
00000000000000000000000000000000
10000000000000000000000001101000
00000000000000000000010000000100
00000000000000000000010000000100
00000000000000000000010000000100
10000000000000000000000000000001
10000000000000000000000000000001
10000000000000000000000000000001
10000000000000000000000000000001
10000000000000000000000000000001
10000000000000000000000000000001
10000000000000000000000000000001
00000000000000000000000000000000
00000000000000000010000000000000
00000000000000000010000000000000
00000000000000000010000000000000
00000000000000000001100000000000
00000000000000000001100000000000
00000000000000000001100000000000
00000000000000000001100000000000
00000000000000000000000000000000
00000000000000000000000000000000
00000000000000000000000000000000
00000000000000000000000000000000
00000000000000000000000000000000
00000000000000000000000000000000
00000000000000000000000100101000
00000000000000000000000100101000
00000000000000000000000100101000
00000000000000000000000100101000
00000000000000000000000000000000
00000000000000000000000000000000
00000000000000000000000000000000
00000000000000000000000000000000
00000000000000000000000000000000
00000000000000000000000000000000
00000000000000000000000000000000
10000000000000000010000000000000
10000000000000000010000000000000
10000000000000000000011111011000
00000000000000000000000000000000
00000000000000000000000000000000
00000000000000000000000100110100
00000000000000000000000000000000
00000000000000000000000000000000
00000000000000000000000000000000
00000000000000000000000000000000
00000000000000000010000000000000
00000000000000000010000000000000
00000000000000000001100000000000
00000000000000000000000000000000
00000000000000000000000000000000
00000000000000000000000000000100
00000000000000000000000100101100
00000000000000000000000100101100
00000000000000000000000100101100
00000000000000000000000000000000
00000000000000000000000000000000
00000000000000000000000000000000
10000000000000000010000000000100
10000000000000000001111111100111
10000000000000000001111111100111
10000000000000000000011111011000
00000000000000000000000000000000
00000000000000000000000000000000
10000000000000000000000000000000
00000000000000000110110110101100
00000000000000000110110110101100
00000000000000000110110110101100
00000000000000000110110110101100
00000000000000000110110110101100
00000000000000000110110110101100
00000000000000000000000000000001
00000000000000000000000110100000
00000000000000000000000110100000
00000000000000000000000110100000
00000000000000000000000110100000
00000000000000000000000110100000
00000000000000000000000110100000
00000000000000000000000110100000
00000000000000000000000000000000
10000000000000000000000000000000
10000000000000000000000000000000
10000000000000000000000000000100
00000000000000000010100111101010
00000000000000000010100111101010
00000000000000000010100111101010
00000000000000000010100111101010
00000000000000000010100111101010
00000000000000000010100111101010
00000000000000000010100111101010
00000000000000000010100111101010
00000000000000000010100111101010
00000000000000000010100111101010
00000000000000000010100111101010
00000000000000000010100111101010
00000000000000000010100111101010
00000000000000000010100111101010
00000000000000000010100111101010
00000000000000000010100111101010
00000000000000000010100111101010
00000000000000000010100111101010
00000000000000000010100111101010
00000000000000000010100111101010
00000000000000000010100111101010
00000000000000000010100111101010
00000000000000000010100111101010
00000000000000000010100111101010
00000000000000000010100111101010
00000000000000000000000000000000
00000000000000000000000100000000
00000000000000000000000100000000
00000000000000000000000000000000
00000000000000000000000100000000
00000000000000000000000100000000
10000000000000000001111111101100
00000000000000000000000100000000
00000000000000000000000100000000
00000000000000000000000100000000
00000000000000000000000100000000
00000000000000000000000100000000
00000000000000000000000100000000
00000000000000000000000011101100
00000000000000000000000000000000
00000000000000000000000000000000
00000000000000000000000000000000
00000000000000000000000000000000
00000000000000000000000000000000
00000000000000000000000000000000
00000000000000000000000000000000
00000000000000000000000000000000
00000000000000000000000000000000
00000000000000000000000000000000
00000000000000000000010000000100
10000000000000000000000000000010
10000000000000000000000000000010
10000000000000000000000000000010
10000000000000000000000000000010
10000000000000000000000000000010
10000000000000000000000000000010
10000000000000000000000000000010
10000000000000000000000000000010
10000000000000000000000000000010
10000000000000000000000000000010
10000000000000000000000000000010
00000000000000000000000000000000
00000000000000000000000000000000
00000000000000000000000000000000
00000000000000000000000000000000
00000000000000000000000000000000
00000000000000000000000000000000
00000000000000000000000000000000
00000000000000000000000000000000
00000000000000000000000000000000
00000000000000000000000000000000
00000000000000000000000000000000
00000000000000000000000000000000
00000000000000000000000100110100
00000000000000000000000100110100
00000000000000000000000100110100
00000000000000000000000011101100
00000000000000000000000011101100
00000000000000000000000011101100
00000000000000000000000011101100
10000000000000000000000000100100
10000000000000000000000000100100
10000000000000000000000000100100
10000000000000000000000000100100
10000000000000000000000000100100
10000000000000000000000000100100
00000000000000000000000000000100
00000000000000000000000000000000
00000000000000000000000000000000
00000000000000000000000000000000
00000000000000000000000000100000
00000000000000000000000000000000
00000000000000000000000000000000
00000000000000000000000000000000
00000000000000000000000000000000
00000000000000000000000000000000
00000000000000000000000000000000
00000000000000000000000000000000
00000000000000000000000000000000
00000000000000000000000000000000
00000000000000000000000000000000
00000000000000000000000000000000
00000000000000000000000000000000
00000000000000000000000000000000
00000000000000000000000000000000
00000000000000000000000000000000
00000000000000000000000000000000
00000000000000000000000000000000
00000000000000000000000000000000
00000000000000000000000000000000
00000000000000000000000000100000
00000000000000000000000000000000
00000000000000000000000000000000
00000000000000000000000000000000
00000000000000000000000000000000
00000000000000000000000000000000
00000000000000000000000000000000
00000000000000000000000000000000
00000000000000000000000000000000
00000000000000000000000000000000
00000000000000000000000000000000
00000000000000000000000000000000
00000000000000000000000000000000
00000000000000000000000000000000
00000000000000000000000000000000
00000000000000000000000000000000
00000000000000000000000000000000
00000000000000000000000000000000
00000000000000000000000000000000
00000000000000000000000000000000
00000000000000000000000000000000
00000000000000000000000000000000
00000000000000000000000000000000
00000000000000000000000000000000
00000000000000000000000000000000
00000000000000000000000000000000
00000000000000000000000000000000
00000000000000000000000000000000
00000000000000000000000000000000
00000000000000000000000000000000
00000000000000000000000000000000
00000000000000000000000000000000
00000000000000000000000000000000
00000000000000000000000000000000
00000000000000000000000000000000
00000000000000000000000000000000
00000000000000000000000000000000
00000000000000000000000000000000
00000000000000000000000000000000
00000000000000000000000000000000
00000000000000000000000000000000
00000000000000000000000000000000
00000000000000000000000000000000
00000000000000000000000000000000
00000000000000000000000000000000
00000000000000000000000000000000
00000000000000000000000000000000
00000000000000000000000000000000
00000000000000000000000000000000
00000000000000000000000000000000
00000000000000000000000000000000
00000000000000000000000000000000
00000000000000000000000100100100
00000000000000000000000100100100
00000000000000000000000000000000
00000000000000000000000000000000
00000000000000000000000000000000
00000000000000000000000000000000
00000000000000000000000100011000
00000000000000000000000000000000
00000000000000000000000000000000
00000000000000000000000000011000
00000000000000000000000000000001
00000000000000000000000000000001
00000000000000000000000000000001
00000000000000000000000000000001
00000000000000000000000000000001
00000000000000000000000000000001
00000000000000000000000000000001
00000000000000000000000000000001
00000000000000000000000000000001
00000000000000000000000000000001
00000000000000000000000000000001
00000000000000000000000000000001
00000000000000000000000000000000
00000000000000000000000000000000
00000000000000000000000000000000
00000000000000000000000000000000
00000000000000000000000000000000
00000000000000000000000000000000
00000000000000000000000000000000
00000000000000000000000000000000
00000000000000000000000000000000
00000000000000000000000000000000
00000000000000000110001010001110
00000000000000000000000000000000
00000000000000000000000000000000
00000000000000000000000000000000
00000000000000000000000000000000
00000000000000000000000000000000
00000000000000000000000000000000
00000000000000000000000000000000
00000000000000000000000000000000
00000000000000000000000000000000
10000000000000000000000000000000
00000000000000000000010000000100
00000000000000000000010000000100
00000000000000000000010000000100
00000000000000000000000000000111
00000000000000000000000000000000
00000000000000000000000000000000
00000000000000000000000000000000
00000000000000000000000000000000
00000000000000000000000000000000
00000000000000000000000000000000
00000000000000000000000000000000
00000000000000000000000000000000
00000000000000000000000000000000
00000000000000000000000000000000
00000000000000000000000000000000
00000000000000000000000000000000
00000000000000000000010000000100
01111111111111111111111101100000
01111111111111111111111101100000
01111111111111111111111101100000
01111111111111111111111101100000
01111111111111111111111101100000
01111111111111111111111101100000
01111111111111111111111101100000
01111111111111111111111101100000
01111111111111111111111101100000
01111111111111111111111101100000
01111111111111111111111101100000
01111111111111111111111101100000
01111111111111111111111101100000
01111111111111111111111101100000
01111111111111111111111101100000
01111111111111111111111101100000
01111111111111111111111101100000
01111111111111111111111101100000
01111111111111111111111101100000
01111111111111111111111101100000
01111111111111111111111101100000
01111111111111111111111101100000
01111111111111111111111101100000
01111111111111111111111101100000
01111111111111111111111101100000
01111111111111111111111101100000
01111111111111111111111101100000
01111111111111111111111101100000
01111111111111111111111101100000
00000000000000000000001111000111
10000000000000000000000000101001
10000000000000000000000000101001
10000000000000000000000000101001
10000000000000000000000000101001
10000000000000000000000000101001
10000000000000000000000000101001
10000000000000000000000000101001
00000000000000000000010000000100
10000000000000000000000010001100
10000000000000000000000010001100
10000000000000000000000010001100
10000000000000000000000001110100
00000000000000000000010000000100
00000000000000000000010000000100
00000000000000000000010000000100
00000000000000000000010000000100
00000000000000000000010000000100
00000000000000000000000000100000
00000000000000000000010000000100
00000000000000000000010000000100
00000000000000000000010000000100
00000000000000000000010000000100
00000000000000000000010000000100
00000000000000000000010000000100
10000000000000000000000001001100
00000000000000000000000000000000
00000000000000000000000000000000
00000000000000000000000000000000
00000000000000000000000000000000
00000000000000000000000000000000
00000000000000000000000000000000
00000000000000000000000000000000
00000000000000000000000000000000
00000000000000000000000000000000
10000000000000000000000001001100
00000000000000000000000000000000
00000000000000000000000000000000
00000000000000000000000000000000
00000000000000000000000000000000
00000000000000000000000000000000
00000000000000000000000000000000
00000000000000000000000000000000
00000000000000000000000000000000
00000000000000000000000000000000
10000000000000000000000001110000
00000000000000000000010000000100
00000000000000000000010000000100
00000000000000000000010000000100
00000000000000000000010000000100
00000000000000000000010000000100
10000000000000000000000001100100
00000000000000000000000000000000
00000000000000000000000000000000
00000000000000000000000000000000
00000000000000000000000000000000
00000000000000000000000000000000
00000000000000000000000000000000
00000000000000000000000000000000
00000000000000000000000000000000
00000000000000000000000000000000
00000000000000000000001101001100
00000000000000000000001101010000
00000000000000000000001101010000
00000000000000000000001101010000
00000000000000000000000110110000
00000000000000000000000110110000
00000000000000000000000110110000
00000000000000000000000110110000
00000000000000000000000110110000
00000000000000000000000110110000
00000000000000000000000110110000
00000000000000000000000110110000
10000000000000000010000000001100
00000000000000000000000000000000
00000000000000000000000000000000
00000000000000000000000000000000
00000000000000000000000000000000
00000000000000000000000000000000
00000000000000000000000000000000
10000000000000000001111100111100
00000000000000000000000000000000
00000000000000000000000000000000
00000000000000000000000000000000
00000000000000000000000000000000
00000000000000000000000000000000
00000000000000000000000000000000
00000000000000000000000000000000
00000000000000000000000000000000
00000000000000000000000000000000
00000000000000000000000000000000
00000000000000000000000000000000
00000000000000000000000000000000
00000000000000000000000000000000
00000000000000000000000000000000
00000000000000000000000000000000
00000000000000000000000000000000
00000000000000000000000000000000
00000000000000000000000000000000
00000000000000000000000000000000
00000000000000000000000000000000
00000000000000000000000000000000
00000000000000000000000000000000
00000000000000000000000000100000
00000000000000000000000000000000
00000000000000000000000000000000
00000000000000000000000000000000
00000000000000000000000000000000
00000000000000000000000000000000
00000000000000000000000000000000
00000000000000000000000000000000
00000000000000000000000000000000
00000000000000000000000000000000
00000000000000000000001000000000
00000000000000000000001000000100
00000000000000000000001000000100
00000000000000000000001000000100
00000000000000000000001000000100
00000000000000000000001000000100
00000000000000000000001000000100
00000000000000000000001000000100
00000000000000000000000000000000
00000000000000000000000000000000
00000000000000000000000000000000
00000000000000000000000000000000
00000000000000000000000000000000
00000000000000000000000000000000
00000000000000000000000000000000
00000000000000000000000000000000
00000000000000000000000000000000
00000000000000000000000000000000
00000000000000000000000000000100
00000000000000000000000000000000
00000000000000000000000000000000
00000000000000000000000000000000
00000000000000000000000000000000
00000000000000000000000000000000
00000000000000000000000000000000
00000000000000000000000000000000
00000000000000000000000000000000
00000000000000000000000000000000
00000000000000000000000000000000
00000000000000000000000000000000
00000000000000000000000000000000
00000000000000000000000000000000
00000000000000000000000000000000
00000000000000000000000000000000
00000000000000000000000000000000
00000000000000000000000000000000
00000000000000000000000000000000
00000000000000000000000000000000
00000000000000000000000000000000
00000000000000000000000000000000
00000000000000000000000000000000
00000000000000000000000000000000
00000000000000000000000000000000
00000000000000000000000000000000
00000000000000000000000000000000
00000000000000000000000000000000
00000000000000000000000000000000
00000000000000000000000000000000
00000000000000000000000000000000
00000000000000000000000000000000
00000000000000000000000000000000
00000000000000000000000000000000
00000000000000000000000000000000
00000000000000000000000000000000
00000000000000000000000000000000
00000000000000000000000000000000
00000000000000000000000000000000
00000000000000000000000000000000
10000000000000000000000000111100
00000000000000000000000000000000
00000000000000000000000000000000
00000000000000000000000000000000
00000000000000000000000000000000
00000000000000000000000000000000
00000000000000000000000000000000
00000000000000000000000000000001
00000000000000000000000000000000
00000000000000000000000000000000
00000000000000000000000000000000
00000000000000000000000000000000
00000000000000000000000000000000
00000000000000000000000000000000
00000000000000000000000000000000
00000000000000000000000000000000
00000000000000000000000000000000
00000000000000000000000000000000
00000000000000000000000000000000
00000000000000000000000000000000
00000000000000000000000000000000
00000000000000000000000000000000
00000000000000000000000000000000
00000000000000000000000000000000
00000000000000000000000000000000
00000000000000000000000000000000
00000000000000000000000000000001
00000000000000000000000000000000
00000000000000000000000000000000
00000000000000000000000000000000
00000000000000000000000000000000
00000000000000000000000000000000
00000000000000000000000000000000
00000000000000000000000000000000
00000000000000000000000000000000
00000000000000000000000000000000
00000000000000000000000000000000
00000000000000000000000100100100
00000000000000000000000100100100
00000000000000000000000100100100
00000000000000000000000100100100
00000000000000000000000100100100
00000000000000000000000100100100
00000000000000000000000100100100
00000000000000000000000000000000
00000000000000000000000000000000
00000000000000000000000000000000
00000000000000000000000000000000
00000000000000000000000000000000
00000000000000000000000000000000
00000000000000000000000000000000
00000000000000000000000000000000
00000000000000000000000000000000
00000000000000000000000000000000
00000000000000000000000000000000
00000000000000000000000000000000
00000000000000000000000000000000
00000000000000000000000000000000
00000000000000000000000000000000
00000000000000000000000000000000
00000000000000000000000000000000
00000000000000000000000000000000
00000000000000000000000000000000
00000000000000000000000000000000
00000000000000000000000000000000
00000000000000000000000000000000
00000000000000000000000000000000
00000000000000000000000000000000
00000000000000000000000000000000
00000000000000000000000000000000
00000000000000000000000000000000
00000000000000000000000000000000
00000000000000000000000000000000
00000000000000000000000000000000
00000000000000000000000000000000
00000000000000000000000000000000
00000000000000000000000000000000
00000000000000000000000000000000
00000000000000000000000000000000
00000000000000000000000000000000
00000000000000000000000000000000
00000000000000000000000000000000
00000000000000000000000000000000
00000000000000000000000000000000
00000000000000000000000000000000
00000000000000000000000000000000
00000000000000000000000000000000
00000000000000000000000000000000
00000000000000000000000000000000
00000000000000000000000000000000
00000000000000000000000000000000
00000000000000000000000000000000
00000000000000000000000000000000
00000000000000000000000000000000
00000000000000000000000000000000
00000000000000000000000000000000
00000000000000000000000000000000
00000000000000000000000000000000
00000000000000000000000000000000
00000000000000000000000000000000
00000000000000000000000000000000
00000000000000000000000000000000
00000000000000000000000000000000
00000000000000000000000000000000
00000000000000000000000000000001
00000000000000000000000000000000
00000000000000000000000000000000
00000000000000000000000000000000
00000000000000000000000000000000
00000000000000000000000000000000
00000000000000000000000000000000
00000000000000000000000000000000
00000000000000000000000000000000
00000000000000000000000000000000
00000000000000000000000000000000
00000000000000000000000000000000
00000000000000000000000000000000
00000000000000000000000000000000
00000000000000000000000000000000
00000000000000000000000000000000
00000000000000000000000000000000
00000000000000000000000000000000
00000000000000000000000000000000
10000000000000000001111111101100
00000000000000000000010001101000
00000000000000000000010001101000
00000000000000000000010001101000
00000000000000000000010001101000
00000000000000000000010001101000
00000000000000000000010001101000
00000000000000000000000000000001
00000000000000000000000000000000
00000000000000000000000000000000
00000000000000000000000000000000
00000000000000000000000000000000
00000000000000000000000000000000
00000000000000000000000000000000
00000000000000000000000000000000
00000000000000000000000000000000
00000000000000000000000000000000
00000000000000000000000000000000
00000000000000000000000000000000
00000000000000000000000000000000
00000000000000000000000000000000
00000000000000000000000000000000
00000000000000000000000000000000
00000000000000000000000000000000
00000000000000000000000000000000
00000000000000000000000000000000
00000000000000000000000000100000
00000000000000000000000000000000
00000000000000000000000000000000
00000000000000000000000000000000
00000000000000000000000000000000
00000000000000000000000000000000
00000000000000000000000000000000
00000000000000000000000000000000
00000000000000000000000000000000
00000000000000000000000000000000
00000000000000000000010110010100
00000000000000000000000100110000
00000000000000000000000100110000
00000000000000000000000100110000
00000000000000000000000100110000
00000000000000000000000100110000
00000000000000000000000100110000
00000000000000000000000100110000
00000000000000000000000100110000
00000000000000000000000100110000
00000000000000000000000100110000
00000000000000000000000100110000
00000000000000000000000100110000
00000000000000000000000100110000
00000000000000000000000100110000
00000000000000000000000100110000
00000000000000000000000100110000
00000000000000000000000100110000
00000000000000000000000100110000
00000000000000000000000100110000
00000000000000000000000100110000
00000000000000000000000100110000
00000000000000000000000100110000
00000000000000000000000100110000
00000000000000000000000100110000
00000000000000000000000100110000
00000000000000000000000100110000
00000000000000000000000100110000
00000000000000000000000100110000
00000000000000000000000100110000
00000000000000000000000100110000
00000000000000000000000100011100
00000000000000000000000100100000
00000000000000000000000100100000
00000000000000000000000100100000
00000000000000000000000000000011
00000000000000000000000000000000
00000000000000000000000000000000
00000000000000000000000000000000
00000000000000000000000000000000
00000000000000000000000000000000
00000000000000000000000000000000
00000000000000000000000000000000
00000000000000000000000000000000
00000000000000000000000000000000
00000000000000000000000000000000
00000000000000000000000000000000
00000000000000000000000000000000
00000000000000000000000000000000
00000000000000000000000000000000
00000000000000000000000000000000
00000000000000000000000000000000
00000000000000000000000000000000
00000000000000000000000000000000
00000000000000000000000000000000
00000000000000000000000000000000
00000000000000000000000000000000
00000000000000000000000000000000
00000000000000000000000000000000
00000000000000000000000000000000
00000000000000000000000000000000
00000000000000000000000000000000
00000000000000000000000000000000
00000000000000000000000000000000
00000000000000000000000000000000
00000000000000000000000000000000
00000000000000000000000000000000
00000000000000000000000000000000
00000000000000000000000000000000
00000000000000000000000000000000
00000000000000000000000000000000
00000000000000000000000000000000
00000000000000000000000000000000
00000000000000000000000000000000
00000000000000000000000000000000
00000000000000000000000000000000
00000000000000000000000000000000
00000000000000000000000000000000
00000000000000000000000000000000
00000000000000000000000000000000
00000000000000000000000000000000
00000000000000000000000000000000
00000000000000000000000000000000
00000000000000000000000000000000
00000000000000000000000000000000
00000000000000000000000000000000
00000000000000000000000000000000
00000000000000000000000000000000
00000000000000000000000000000000
00000000000000000000000000000000
00000000000000000000000000000000
00000000000000000000000000000000
00000000000000000000000000000000
00000000000000000000000000000000
00000000000000000000000000000000
00000000000000000000000000000000
00000000000000000000000000000000
00000000000000000000000000000000
00000000000000000000000000000000
00000000000000000000000000000000
00000000000000000000000000000000
00000000000000000000000000000000
00000000000000000000000000000000
00000000000000000000000000000000
00000000000000000000000000000000
00000000000000000000000000000000
00000000000000000000000000000000
00000000000000000000000000000000
00000000000000000000000000000000
00000000000000000000000000000000
00000000000000000000010011000100
10000000000000000000000001100000
10000000000000000000000001100000
10000000000000000000000001100000
10000000000000000000000001100000
10000000000000000000000001100000
10000000000000000000000001100000
10000000000000000000000100000000
00000000000000000000000110110100
00000000000000000000000110110100
00000000000000000000000110110100
00000000000000000000000110110100
00000000000000000000000110110100
00000000000000000000000110110100
00000000000000000000000110110100
00000000000000000000000000000000
00000000000000000000000000000000
00000000000000000000000000000000
00000000000000000000000000000000
00000000000000000000000000000000
00000000000000000000000000000000
00000000000000000000000000000000
00000000000000000000000000000000
00000000000000000000000000000000
00000000000000000000000000000000
00000000000000000000000000000000
00000000000000000000000000000000
00000000000000000000000000000000
00000000000000000000000000000000
00000000000000000000000000000000
00000000000000000000000000000000
00000000000000000000000000000000
00000000000000000000000000000000
00000000000000000000000000000000
00000000000000000000000000000000
00000000000000000000000000000000
