000000000111100100111010
000000000000010001110010
111111110011001010011011
111111111101110100010100
111111111010100110101110
000000000000101100000101
111111111100001011000110
000000000000000011110100
000000000000011010101001
111111111000000100010111
111111111010100011100110
111111111100101011010110
111111111111001001011101
000000000110110011010100
000000000001011000100110
111111111110001000100101
000000000111101101001010
111111111010101011001000
000000010011010000111010
111111111011110111101010
