0000000000111001001001010
0000000000010011001011010
0000000010100011000010100
0000000000110100100100101
0000000001001111101011010
1000000000000101011011010
0000000000000011000010010
0000000000000011100010101
0000000000101100101100101
0000000001001011001001000
0000000000101111101000110
1000000000001010101100110
0000000000000011100101111
1000000001010010111101001
1000000000000000010010101
0000000000011011100101011
1000000000000101011110011
0000000000101000110101000
1000000000011011001011001
0000000000011100000100101
