0000000000111100100111010
0000000000000010001110010
1000000001100110101100101
1000000000010001011101100
1000000000101011001010010
0000000000000101100000101
1000000000011110100111010
0000000000000000011110100
0000000000000011010101001
1000000000111111011101001
1000000000101011100011010
1000000000011010100101010
1000000000000110110100011
0000000000110110011010100
0000000000001011000100110
1000000000001110111011011
0000000000111101101001010
1000000000101010100111000
0000000010011010000111010
1000000000100001000010110
